"","TestId","AddId","concentration","reliability","used.model","log.x","log.y","nboot.gc","mu.model","lambda.model","A.model","integral.model","stdmu.model","stdlambda.model","stdA.model","ci90.mu.model.lo","ci90.mu.model.up","ci90.lambda.model.lo","ci90.lambda.model.up","ci90.A.model.lo","ci90.A.model.up","ci95.mu.model.lo","ci95.mu.model.up","ci95.lambda.model.lo","ci95.lambda.model.up","ci95.A.model.lo","ci95.A.model.up","mu.spline","lambda.spline","A.spline","integral.spline","mu.bt","lambda.bt","A.bt","integral.bt","stdmu.bt","stdlambda.bt","stdA.bt","stdintegral.bt","ci90.mu.bt.lo","ci90.mu.bt.up","ci90.lambda.bt.lo","ci90.lambda.bt.up","ci90.A.bt.lo","ci90.A.bt.up","ci90.integral.bt.lo","ci90.integral.bt.up","ci95.mu.bt.lo","ci95.mu.bt.up","ci95.lambda.bt.lo","ci95.lambda.bt.up","ci95.A.bt.lo","ci95.A.bt.up","ci95.integral.bt.lo","ci95.integral.bt.up"
"1","NEG","III",0,TRUE,"gompertz.exp",FALSE,FALSE,100,NA,NA,NA,NA,NA,NA,NA,NA,NA,NA,NA,NA,NA,NA,NA,NA,NA,NA,NA,0,NA,0,0,NA,NA,NA,NA,NA,NA,NA,NA,NA,NA,NA,NA,NA,NA,NA,NA,NA,NA,NA,NA,NA,NA,NA,NA
"2","NEG","III",1,TRUE,"gompertz.exp",FALSE,FALSE,100,NA,NA,NA,NA,NA,NA,NA,NA,NA,NA,NA,NA,NA,NA,NA,NA,NA,NA,NA,0,NA,0,0,NA,NA,NA,NA,NA,NA,NA,NA,NA,NA,NA,NA,NA,NA,NA,NA,NA,NA,NA,NA,NA,NA,NA,NA
"3","NEG","III",3,TRUE,"gompertz.exp",FALSE,FALSE,100,NA,NA,NA,NA,NA,NA,NA,NA,NA,NA,NA,NA,NA,NA,NA,NA,NA,NA,NA,0,NA,0,0,NA,NA,NA,NA,NA,NA,NA,NA,NA,NA,NA,NA,NA,NA,NA,NA,NA,NA,NA,NA,NA,NA,NA,NA
"4","NEG","III",5,TRUE,"gompertz.exp",FALSE,FALSE,100,NA,NA,NA,NA,NA,NA,NA,NA,NA,NA,NA,NA,NA,NA,NA,NA,NA,NA,NA,0,NA,0,0,NA,NA,NA,NA,NA,NA,NA,NA,NA,NA,NA,NA,NA,NA,NA,NA,NA,NA,NA,NA,NA,NA,NA,NA
"5","NEG","III",7,TRUE,"gompertz.exp",FALSE,FALSE,100,NA,NA,NA,NA,NA,NA,NA,NA,NA,NA,NA,NA,NA,NA,NA,NA,NA,NA,NA,0,NA,0,0,NA,NA,NA,NA,NA,NA,NA,NA,NA,NA,NA,NA,NA,NA,NA,NA,NA,NA,NA,NA,NA,NA,NA,NA
"6","A2731","III",0,TRUE,"logistic",FALSE,FALSE,100,2.67723799072321e-05,-257.673012019042,0.851286788096296,197802.352387898,1.11277207558522e-06,768.326746597893,0.00285431275243534,2.49418698428944e-05,2.86028899715698e-05,-1521.57051017258,1006.22448613449,0.84659144361854,0.855982132574052,2.45913466390851e-05,2.89534131753791e-05,-1763.59343535091,1248.24741131283,0.845692335101523,0.856881241091069,8.16897665488099e-05,10131.1858728982,0.898100524967694,197584.401383209,8.01202999285291e-05,5988.50039698863,0.898264975049797,196945.575763451,5.57570626798828e-05,3509.09498099793,0.000923663560156289,928.747874363289,-1.1600068179878e-05,0.000171840668036936,216.039153247038,11760.9616407302,0.89674554849334,0.899784401606254,195417.785510124,198473.366016779,-2.91635429240411e-05,0.000189404142781099,-889.325765767308,12866.3265597446,0.896454594471891,0.900075355627703,195125.229929699,198765.921597203
"7","A2731","III",1,TRUE,"gompertz",FALSE,FALSE,100,1.19245614499075e-05,20409.6439353048,0.638690656836893,126173.564176021,1.99192882091817e-07,479.894953383698,0.00156224966464925,1.15968891588665e-05,1.22522337409486e-05,19620.2167369886,21199.071133621,0.636120756138545,0.641260557535241,1.15341434010076e-05,1.23149794988075e-05,19469.0498266728,21350.2380439368,0.63562864749418,0.641752666179605,1.88107511672205e-05,26488.3607303177,0.678176205313022,126493.602921296,1.95261612318239e-05,33240.6242470782,0.680338419146035,126127.599274095,4.16324508008646e-06,63100.1891225511,0.00241118101251668,530.304822389507,1.26776230750817e-05,2.63746993885662e-05,-70559.1868595183,137040.435353675,0.676372026380445,0.684304811911625,125255.247841265,126999.950706926,1.13662008748545e-05,2.76861215887934e-05,-90435.7464331219,156916.994927278,0.675612504361502,0.685064333930568,125088.201822212,127166.996725979
"8","A2731","III",3,TRUE,"gompertz.exp",FALSE,FALSE,100,NA,NA,NA,NA,NA,NA,NA,NA,NA,NA,NA,NA,NA,NA,NA,NA,NA,NA,NA,7.54581508631626e-06,190813.927880289,0.346334043112619,32634.7349265014,7.91482164199763e-06,210140.020040351,0.345541072072898,32447.3917591216,1.23368712920227e-06,9599.22092558325,0.00100460867059703,244.904902137147,5.88540631445989e-06,9.94423696953537e-06,194349.301617767,225930.738462935,0.343888490809766,0.34719365333603,32044.523195106,32850.2603231372,5.49679486876117e-06,1.03328484152341e-05,191325.547026208,228954.493054494,0.343572039078528,0.347510105067268,31967.3781509328,32927.4053673104
"9","A2731","III",5,FALSE,"richards",FALSE,FALSE,100,1.14447688933159e-06,1309.04822924437,0.118366019467388,24048.7127904311,8.74317994341342e-08,6530.88154852423,0.000811279952304353,1.00065157926244e-06,1.28830219940074e-06,-9434.25191807799,12052.3483765667,0.117031463945848,0.119700574988929,9.73110562440687e-07,1.31584321622249e-06,-11491.4796058631,14109.5760643519,0.116775910760872,0.119956128173905,1.79547148902814e-06,-14583.4945377136,0.131523960655488,24061.413043441,NA,NA,NA,NA,NA,NA,NA,NA,NA,NA,NA,NA,NA,NA,NA,NA,NA,NA,NA,NA,NA,NA,NA,NA
"10","NEG","V",150,TRUE,"gompertz.exp",FALSE,FALSE,100,NA,NA,NA,NA,NA,NA,NA,NA,NA,NA,NA,NA,NA,NA,NA,NA,NA,NA,NA,0,NA,0,0,NA,NA,NA,NA,NA,NA,NA,NA,NA,NA,NA,NA,NA,NA,NA,NA,NA,NA,NA,NA,NA,NA,NA,NA
"11","A2733","V",0,TRUE,"logistic",FALSE,FALSE,100,3.5494360144583e-05,19454.9979846276,0.28007544566459,63195.5632077363,1.81703140770526e-05,2319.79036970471,0.00630009876286095,5.60419348783148e-06,6.53845268013345e-05,15638.9428264634,23271.0531427919,0.269711783199684,0.290439108129496,-1.1945544644008e-07,7.1108175735606e-05,14908.2088600064,24001.7871092488,0.267727252089382,0.292423639239797,3.12232456942515e-05,19576.499371427,0.552786673659654,63430.0554310548,4.51884651403884e-05,72646.853536757,0.554544339771854,63211.1314269685,3.05952093469774e-05,92740.6507651539,0.00223589955789598,477.895966177738,-5.14065423538936e-06,9.55175845161662e-05,-79911.5169719211,225205.224045435,0.550866284999115,0.558222394544593,62424.9925626061,63997.2702913309,-1.47781451796872e-05,0.000105155075460464,-109124.821962945,254418.529036459,0.550161976638378,0.55892670290533,62274.4553332601,64147.8075206769
"12","A2733","V",0,TRUE,"logistic",FALSE,FALSE,100,3.55404919410409e-05,17043.2129987972,0.276541166253031,63080.2943402671,1.86442986123866e-05,2344.22491126912,0.00629365108951115,4.8706207236649e-06,6.62103631584169e-05,13186.9630197595,20899.4629778349,0.266188110210785,0.286894222295277,-1.00233333923688e-06,7.20833172213187e-05,12448.5321727098,21637.8938248847,0.264205610117589,0.288876722388473,3.34284382148332e-05,17737.0557280457,0.552354317588863,63279.9812601962,3.65393302314605e-05,31226.109910333,0.553543784706856,63116.6079858428,3.06372030254843e-06,48598.2081609749,0.00264837385986967,295.981067911641,3.14995103337684e-05,4.15791501291527e-05,-48717.9425144707,111170.162335137,0.549187209707371,0.557900359706342,62629.7191291282,63603.4968425575,3.05344384384656e-05,4.25442220244554e-05,-64026.3780851778,126478.597905844,0.548352971941512,0.558734597472201,62536.485092736,63696.7308789496
"13","A2712","III",0,TRUE,"gompertz",FALSE,FALSE,100,1.25619427408101e-05,-1116.00320566722,0.917212605095138,190059.535373691,2.90531393807629e-07,907.198750029902,0.00352854505820486,1.20840185979965e-05,1.30398668836236e-05,-2608.34514946641,376.338738131969,0.911408148474391,0.923017061715885,1.19925012089471e-05,1.3131384272673e-05,-2894.11275572583,662.106344391388,0.910296656781057,0.92412855340922,3.08109838050679e-05,9201.71859531723,0.9867506097323,189562.761448899,3.21049752260919e-05,89391.4096661575,0.989507181226778,189043.92154325,7.16315990047482e-06,110957.230249469,0.00239845815287784,919.653580636675,2.03215771898108e-05,4.38883732623729e-05,-93133.2340942191,271916.053426534,0.985561717565294,0.993452644888262,187531.091403103,190556.751683397,1.80651818211612e-05,4.61447686310225e-05,-128084.761622802,306867.580955117,0.984806203247137,0.994208159206418,187241.400525202,190846.442561298
"14","A2712","III",1,TRUE,"gompertz",FALSE,FALSE,100,7.56055187719467e-06,19149.150828303,0.638284267575864,115479.534053713,1.67414183930256e-07,966.722935911083,0.00310009879151904,7.2851555446294e-06,7.83594820975994e-06,17558.8915987293,20739.4100578767,0.633184605063815,0.643383930087913,7.23242007669137e-06,7.88868367769797e-06,17254.3738739173,21043.9277826887,0.632208073944487,0.644360461207242,1.58595513507344e-05,29686.8250367781,0.687588530844074,115008.620644738,1.58461119549113e-05,16322.5272516192,0.687671972435884,114556.775654513,7.98042676733806e-07,13800.7070598483,0.000471909300330727,627.64947387933,1.45333317516841e-05,1.71588921581384e-05,-6379.6358618312,39024.6903650696,0.68689568163684,0.688448263234928,113524.292269982,115589.259039045,1.4281948308513e-05,1.74102756013095e-05,-10726.8585856834,43371.9130889217,0.686747030207236,0.688596914664532,113326.58268571,115786.968623317
"15","A2712","III",3,FALSE,"richards",FALSE,FALSE,100,1.32912435573172e-07,-21684.7745883346,0.0196354652013052,3879.20200676634,3.08451831623367e-09,2635.08182592697,7.61255189342072e-05,1.27838402942968e-07,1.37986468203376e-07,-26019.4841919844,-17350.0649846847,0.0195102387226584,0.019760691679952,1.26866779673354e-07,1.3895809147299e-07,-26849.5349671514,-16520.0142095177,0.0194862591841942,0.0197846712184162,4.3623496152369e-07,-7983.6003860026,0.02103740744035,3879.91683554888,NA,NA,NA,NA,NA,NA,NA,NA,NA,NA,NA,NA,NA,NA,NA,NA,NA,NA,NA,NA,NA,NA,NA,NA
"16","A2712","III",5,FALSE,"logistic",FALSE,FALSE,100,1.27523907238056e-07,150160.250877144,0.0964765753868578,2668.23354938759,6.43187740293985e-08,126088.806312542,0.0562298770587619,2.17195239596958e-08,2.33328290516417e-07,-57255.8355069879,357576.337261276,0.00397842762519443,0.188974723148521,1.45911014043527e-09,2.53588704335677e-07,-96973.8094954386,397294.311249726,-0.0137339836483156,0.206687134422031,9.69895530478949e-07,205462.810746603,0.0188048469239189,2669.34559543255,NA,NA,NA,NA,NA,NA,NA,NA,NA,NA,NA,NA,NA,NA,NA,NA,NA,NA,NA,NA,NA,NA,NA,NA
"17","A2712","III",7,FALSE,"gompertz",FALSE,FALSE,100,5.4502614376089e-08,229527.993838991,0.217270378250325,2937.73416753423,1.53180489314961e-07,2308808.64592455,0.93077786864104,-1.97479290547022e-07,3.064845192992e-07,-3568462.2287069,4027518.21638488,-1.31385921566419,1.74839997216483,-2.45731144681234e-07,3.54736373433412e-07,-4295736.95217313,4754792.93985111,-1.60705424428611,2.04159500078676,7.27157691007583e-07,-8625.27206613447,0.0151577514364483,2939.26081989788,NA,NA,NA,NA,NA,NA,NA,NA,NA,NA,NA,NA,NA,NA,NA,NA,NA,NA,NA,NA,NA,NA,NA,NA
"18","A2731","III",0,TRUE,"gompertz",FALSE,FALSE,100,3.52229306807155e-05,2064.39023107414,0.81826921111242,191010.04302716,1.16997791834988e-06,423.809890296989,0.00216287682984907,3.32983170050299e-05,3.7147544356401e-05,1367.22296153559,2761.55750061268,0.814711278727319,0.821827143497522,3.29297739607497e-05,3.75160874006812e-05,1233.72284609204,2895.05761605624,0.814029972525916,0.822508449698925,9.47557301509738e-05,10364.0490344453,0.856540955875888,190916.275449427,7.17297617165028e-05,5228.2381071078,0.8562058270552,190377.370813103,6.5278091012745e-05,3451.43210058939,0.00109856100111905,853.741425734232,-3.56526979994628e-05,0.000179112221432468,-449.367698361751,10905.8439125774,0.854398694208359,0.858012959902041,188972.96616777,191781.775458436,-5.62152966684775e-05,0.000199674820101483,-1536.56881004741,11993.045024263,0.854052647493006,0.858359006617393,188704.037618664,192050.704007542
"19","A2731","III",1,TRUE,"gompertz",FALSE,FALSE,100,1.66458546976424e-05,21469.6285592954,0.665153692143007,135946.161105388,4.7523030172834e-07,618.370665624488,0.00225790969572235,1.58641008512993e-05,1.74276085439855e-05,20452.4088143431,22486.8483042477,0.661439430693544,0.66886795359247,1.57144033062548e-05,1.75773060890299e-05,20257.6220546714,22681.6350639194,0.660728189139391,0.669579195146623,2.32757592203337e-05,26859.7752807008,0.702595033304257,136427.636996231,2.40572583084808e-05,16056.0985493698,0.70287379400082,135926.86153943,1.49019032518447e-06,9302.15160330517,0.000735344037550663,631.87124546273,2.16058952235524e-05,2.65086213934093e-05,754.059161932793,31358.1379368068,0.701664153059049,0.704083434942591,134887.433340644,136966.289738216,2.11364852711192e-05,2.69780313458424e-05,-2176.11859310833,34288.3156918479,0.701432519687221,0.70431506831442,134688.393898323,137165.329180537
"20","A2731","III",3,TRUE,"richards",FALSE,FALSE,100,2.39910305843866e-06,114639.676966599,0.300925974386921,32965.7490045856,2.69362365969087e-07,13052.019306966,0.00578173284293413,1.95600196641952e-06,2.84220415045781e-06,93169.1052066403,136110.248726558,0.291415023860294,0.310436924913547,1.87115282113925e-06,2.92705329573807e-06,89057.719124946,140221.634808253,0.28959377801477,0.312258170759072,6.54078031595435e-06,168389.870286903,0.305514179287091,33062.6390187187,7.72156603269222e-06,188056.206998297,0.30595326454942,32884.6320503803,4.27981505200943e-06,19220.2492687906,0.00149242844346732,240.117821368643,6.8127027213671e-07,1.47618617932477e-05,156438.896951137,219673.517045458,0.303498219759917,0.308408309338924,32489.6382342289,33279.6258665317,-6.66871469246259e-07,1.61100035346307e-05,150384.518431467,225727.895565127,0.303028104800224,0.308878424298616,32414.0011204978,33355.2629802629
"21","A2731","III",5,FALSE,"richards",FALSE,FALSE,100,7.21514328511399e-07,-36059.5850040668,0.086415980494651,19113.3615637417,5.73049441848048e-08,7801.27122161509,0.000604379749373218,6.27247695327395e-07,8.15780961695402e-07,-48892.6761636236,-23226.49384451,0.0854217758069321,0.08741018518237,6.09196637909181e-07,8.33832019113616e-07,-51350.0765984324,-20769.0934097012,0.0852313961858795,0.0876005648034226,3.04068916216309e-06,-8960.56343612202,0.0965675216882022,19126.195198563,NA,NA,NA,NA,NA,NA,NA,NA,NA,NA,NA,NA,NA,NA,NA,NA,NA,NA,NA,NA,NA,NA,NA,NA
"22","A2731","III",7,FALSE,"gompertz.exp",FALSE,FALSE,100,NA,NA,NA,NA,NA,NA,NA,NA,NA,NA,NA,NA,NA,NA,NA,NA,NA,NA,NA,3.37143067873591e-06,-8813.26803797585,0.108475903116872,19910.5883241794,NA,NA,NA,NA,NA,NA,NA,NA,NA,NA,NA,NA,NA,NA,NA,NA,NA,NA,NA,NA,NA,NA,NA,NA
"23","A2733","V",10,TRUE,"logistic",FALSE,FALSE,100,2.4440851696097e-05,26028.8624173764,0.217921553874732,47626.9760120222,1.18030274180856e-05,2472.36355718503,0.0050066592706138,5.02487159334619e-06,4.38568317988479e-05,21961.824365807,30095.9004689458,0.209685599374572,0.226157508374891,1.30691795664922e-06,4.75747854355448e-05,21183.0298452937,30874.6949894591,0.208108501704329,0.227734606045135,3.05241429696513e-05,29243.4103329674,0.423847061669215,47892.7094765164,2.91137973004024e-05,30765.1808912506,0.422745848363818,47692.2097538019,1.62430661789603e-06,3526.72719789476,0.00156362312515765,301.800481712647,2.64418129139634e-05,3.17857816868413e-05,24963.7146507137,36566.6471317875,0.420173688322934,0.425318008404703,47195.7479613846,48188.6715462192,2.59301563293261e-05,3.22974382714786e-05,23852.7955833769,37677.5661991243,0.419681147038509,0.425810549689127,47100.6808096451,48283.7386979587
"24","A2733","V",10,TRUE,"logistic",FALSE,FALSE,100,2.0594549714866e-05,24241.0900754199,0.215259445452803,47264.6798448548,9.07818211975033e-06,2644.88435958123,0.00489040281436189,5.66094012787668e-06,3.55281593018553e-05,19890.2553039088,28591.924846931,0.207214732823177,0.223304158082428,2.80131276015533e-06,3.83877866695766e-05,19057.1167306407,29425.0634201991,0.205674255936653,0.224844634968952,2.82802012697599e-05,28373.1582677821,0.430042260758039,47565.3157998007,2.83755235692812e-05,30592.7604613175,0.431016943141371,47398.0426466058,9.14339292704912e-07,3359.08071856967,0.0033147824429606,283.197216094236,2.68714354327816e-05,2.98796117057807e-05,25067.0726792703,36118.4482433646,0.425564126022701,0.436469760260041,46932.1832261308,47863.9020670808,2.65834185555795e-05,3.01676285829828e-05,24008.9622529209,37176.558669714,0.424519969553168,0.437513916729574,46842.9761030611,47953.1091901505
"25","A2712","III",0,TRUE,"gompertz",FALSE,FALSE,100,1.31534062305146e-05,-1322.14970648017,0.962216114253471,199490.512312317,3.61909685208972e-07,1081.81675874468,0.00440115596872173,1.25580647983458e-05,1.37487476626834e-05,-3101.73827461517,457.438861654833,0.954976212684924,0.969456015822019,1.2444063247505e-05,1.38627492135242e-05,-3442.51055361975,798.211140659407,0.953589848554777,0.970842379952166,3.04644214258143e-05,9610.20617415842,1.04495607217564,198905.341785525,2.92287477450347e-05,141739.922118395,1.0452023451452,198361.176946117,3.27595154715665e-06,110645.428483852,0.00177430628522061,762.837973748257,2.3839807449962e-05,3.46176880401074e-05,-40271.807737542,323751.651974332,1.04228361130602,1.04812107898439,197106.308479301,199616.045412933,2.28078827126077e-05,3.56496127774618e-05,-75125.1177099555,358604.961946746,1.04172470482617,1.04867998546424,196866.014517571,199856.339374664
"26","A2712","III",1,TRUE,"gompertz",FALSE,FALSE,100,6.94924894697071e-06,16274.0823291632,0.638974261940515,114649.943624511,2.05342635231068e-07,1391.30732385733,0.00448119684190867,6.6114603120156e-06,7.28703758192581e-06,13985.3817814179,18562.7828769085,0.631602693135576,0.646345830745455,6.54677738191781e-06,7.3517205120236e-06,13547.1199744028,19001.0446839236,0.630191116130374,0.647757407750656,1.56733049179381e-05,29901.4395269288,0.713929227259275,114043.09801435,1.60223357384427e-05,20379.0416608487,0.716310838187517,113610.678348669,1.16585203733792e-06,22993.1856326765,0.00347679409327644,651.508908261578,1.41045091370218e-05,1.79401623398636e-05,-17444.7487049041,58202.8320266014,0.710591511904077,0.722030164470957,112538.946194579,114682.41050276,1.37372657452604e-05,1.8307405731625e-05,-24687.6021791972,65445.6855008945,0.709496321764695,0.723125354610339,112333.720888477,114887.635808862
"27","A2712","III",3,FALSE,"richards",FALSE,FALSE,100,1.46341929909819e-07,-5932.84508060376,0.0191583591026556,3699.03602727285,3.34795570539303e-09,2277.24542671362,7.23302512488499e-05,1.40834542774447e-07,1.5184931704519e-07,-9678.91380754767,-2186.77635365986,0.0190393758393513,0.01927734236596,1.39779936727248e-07,1.52903923092389e-07,-10396.2461169625,-1469.44404424507,0.0190165918102079,0.0193001263951034,7.12980178114533e-07,20674.3654863147,0.0200476786364437,3699.94833678126,NA,NA,NA,NA,NA,NA,NA,NA,NA,NA,NA,NA,NA,NA,NA,NA,NA,NA,NA,NA,NA,NA,NA,NA
"28","A2712","III",5,FALSE,"gompertz",FALSE,FALSE,100,5.98243195091437e-08,-97466.7393824143,0.0117066079236447,2431.88211133246,3.32950621485228e-09,7293.90537023708,0.000127333429804764,5.43472817857117e-08,6.53013572325757e-08,-109465.213716454,-85468.2650483743,0.0114971444316158,0.0119160714156735,5.32984873280332e-08,6.63501516902542e-08,-111762.793908079,-83170.6848567496,0.0114570344012273,0.011956181446062,5.65876616533371e-07,201625.841712548,0.0120971848650473,2432.84740203963,NA,NA,NA,NA,NA,NA,NA,NA,NA,NA,NA,NA,NA,NA,NA,NA,NA,NA,NA,NA,NA,NA,NA,NA
"29","A2712","III",7,FALSE,"gompertz",FALSE,FALSE,100,1.80312643152981e-08,-356216.947394598,0.0135773165270799,2076.53638989205,2.8504631707225e-09,59703.6087000916,0.00195472999376526,1.33422523994596e-08,2.27202762311366e-08,-454429.383706249,-258004.511082948,0.010361785687336,0.0167928473668237,1.2444356500682e-08,2.36181721299142e-08,-473236.020446778,-239197.874342419,0.00974604573929995,0.0174085873148598,4.07314388814364e-07,-9747.64884472145,0.0105131274963946,2077.75829606863,NA,NA,NA,NA,NA,NA,NA,NA,NA,NA,NA,NA,NA,NA,NA,NA,NA,NA,NA,NA,NA,NA,NA,NA
"30","A2733","III",0,TRUE,"logistic",FALSE,FALSE,100,3.05115365483844e-05,16682.6871796069,0.256015260348737,58412.4598660855,1.68092094611944e-05,2654.50406324392,0.00636044114696112,2.86038698471969e-06,5.81626861120492e-05,12316.0279955706,21049.3463636431,0.245552334661986,0.266478186035488,-2.43451399555653e-06,6.34575870923254e-05,11479.8592156488,21885.515143565,0.243548795700693,0.268481724996781,3.19174738314972e-05,18201.2372987967,0.535681592264138,58633.9651534184,3.38092092904202e-05,18868.1149306857,0.536114700546297,58458.4293534573,1.36276310422024e-06,3846.12539829079,0.00123363279630752,252.132506206161,3.15674639839779e-05,3.60509545968625e-05,12541.2386504973,25194.991210874,0.534085374596371,0.538144026496223,58043.6713807481,58873.1873261664,3.11381936061485e-05,3.64802249746919e-05,11329.7091500357,26406.5207113356,0.533696780265534,0.53853262082706,57964.2496412932,58952.6090656213
"31","A2733","III",1,TRUE,"logistic",FALSE,FALSE,100,2.44080413419736e-05,24361.9147719278,0.262922517846931,57656.2964558872,8.11641976560252e-06,2056.1359919204,0.00458032243733961,1.10565308275575e-05,3.77595518563898e-05,20979.5710652187,27744.2584786368,0.255387887437507,0.270457148256355,8.49985860139268e-06,4.03162240825546e-05,20331.8882277638,28391.9413160917,0.253945085869745,0.271899949824117,2.40314772357379e-05,25704.9804974149,0.434486330947113,57845.90004795,2.51562953798878e-05,33049.3441372393,0.433883516356123,57654.5346616222,5.25641889509804e-06,37440.5410714166,0.00115608033688672,286.38170245932,1.65094862974515e-05,3.38031044623241e-05,-28540.345925241,94639.0341997196,0.431981764201944,0.435785268510301,57183.4367610766,58125.6325621678,1.48537143454956e-05,3.54588764142799e-05,-40334.1163627372,106432.804637216,0.431617598895825,0.436149433816421,57093.2265248019,58215.8427984425
"32","A2733","III",3,TRUE,"richards",FALSE,FALSE,100,9.30561207429197e-06,53521.0524735865,0.12763616525235,24795.5281150082,1.87570033804601e-05,25808.5965191327,0.00309701628316677,-2.15496584865649e-05,4.01608826351488e-05,11065.9111996131,95976.1937475598,0.122541573466541,0.132730757038159,-2.74581145514098e-05,4.60693386999938e-05,2936.20329608627,104105.901651087,0.121566013337343,0.133706317167357,7.72465369079097e-06,50979.4872477142,0.238771330029062,24859.796452439,1.12301568595007e-05,98757.8993035917,0.239988372293738,24767.0856421977,5.59057065265117e-06,56977.8042242183,0.00231736927499019,190.67360033527,2.0336681358895e-06,2.04266455831119e-05,5029.41135475269,192486.387252431,0.236176299836379,0.243800444751097,24453.4275696462,25080.7437147492,2.72638380304382e-07,2.2187675338697e-05,-12918.5969758761,210434.39558306,0.235446328514757,0.244530416072719,24393.3653855406,25140.8058988548
"33","A2733","III",5,FALSE,"gompertz.exp",FALSE,FALSE,100,NA,NA,NA,NA,NA,NA,NA,NA,NA,NA,NA,NA,NA,NA,NA,NA,NA,NA,NA,3.33049815305209e-07,237826.431128362,0.00531711879349955,897.269073692245,NA,NA,NA,NA,NA,NA,NA,NA,NA,NA,NA,NA,NA,NA,NA,NA,NA,NA,NA,NA,NA,NA,NA,NA
"34","A2733","III",7,FALSE,"gompertz.exp",FALSE,FALSE,100,NA,NA,NA,NA,NA,NA,NA,NA,NA,NA,NA,NA,NA,NA,NA,NA,NA,NA,NA,3.57614837593744e-07,-12096.8103937675,0.00597434835984417,883.660914132778,NA,NA,NA,NA,NA,NA,NA,NA,NA,NA,NA,NA,NA,NA,NA,NA,NA,NA,NA,NA,NA,NA,NA,NA
"35","A2733","V",50,TRUE,"logistic",FALSE,FALSE,100,1.53649519932857e-05,64429.467806776,0.155752026120691,27963.7399104286,5.89361124696129e-06,2231.32757270247,0.00336523231712079,5.6699614920344e-06,2.5059942494537e-05,60758.9339496804,68100.0016638716,0.150216218959028,0.161287833282355,3.81347394924159e-06,2.69164300373298e-05,60056.0657642792,68802.8698492729,0.149156170779135,0.162347881462248,2.10125852745754e-05,68816.1198659518,0.302155868966393,28234.6872648645,2.12409624954237e-05,73307.4720243812,0.300136568128993,28057.1473150485,1.48876582884586e-06,3436.67321051288,0.005781970929112,262.298196167588,1.87919427069723e-05,2.36899822838752e-05,67654.1445930875,78960.7994556749,0.290625225950604,0.309647910307382,27625.6667823528,28488.6278477442,1.83229814708859e-05,2.41589435199616e-05,66571.592531776,80043.3515169865,0.288803905107934,0.311469231150053,27543.04285056,28571.251779537
"36","A2733","V",50,TRUE,"logistic",FALSE,FALSE,100,1.51015042656996e-05,69465.2073484283,0.153956758666261,26861.6221360893,5.591325113344e-06,2165.8756182499,0.00326902857629912,5.90377445424867e-06,2.42992340771504e-05,65902.3419564072,73028.0727404494,0.148579206658249,0.159334310674273,4.14250704354531e-06,2.60605014878538e-05,65220.0911366585,73710.3235601981,0.147549462656715,0.160364054675808,2.12711156309077e-05,73915.9180011351,0.293300039692043,27339.6924228586,2.14705933132215e-05,77313.1329050398,0.291475516015782,27181.7640840121,1.40518741941819e-06,4224.84568436495,0.00333458108135558,264.553304286158,1.91590600082786e-05,2.37821266181644e-05,70363.2617542595,84263.0040558202,0.285990130136953,0.296960901894612,26746.5738984614,27616.9542695628,1.87164259711618e-05,2.42247606552811e-05,69032.4353636845,85593.8304463951,0.284939737096325,0.298011294935239,26663.2396076112,27700.288560413
"37","A2712","III",0,TRUE,"gompertz",FALSE,FALSE,100,1.14994790606655e-05,-3356.46742363553,0.962016308060069,195332.034830845,3.21722101824491e-07,1250.0879577845,0.00496428104600968,1.09702462031642e-05,1.20287119181667e-05,-5412.86211419104,-1300.07273308003,0.953850065739383,0.970182550380755,1.08689037410895e-05,1.21300543802415e-05,-5806.63982089315,-906.29502637791,0.95228631720989,0.971746298910248,2.97388346929343e-05,9275.8225627299,1.04963020909369,194736.882431953,2.85302196908171e-05,8663.47045326126,1.04947103730218,194056.143987531,1.94974072973139e-06,4572.41849625718,0.00342249611719529,1181.38977242764,2.5322896190409e-05,3.17375431912253e-05,1141.8420269182,16185.0988796043,1.0438410311894,1.05510104341497,192112.757811888,195999.530163174,2.47087278605436e-05,3.23517115210907e-05,-298.469799402808,17625.4107059253,1.04276294491248,1.05617912969189,191740.620033573,196371.667941489
"38","A2712","III",1,TRUE,"gompertz",FALSE,FALSE,100,4.4462224253656e-06,6399.42859031511,0.559860223922014,95022.5425201286,1.50953340280813e-07,2085.62400652068,0.00633046595601745,4.19790418060366e-06,4.69454067012754e-06,2968.57709958859,9830.28008104163,0.549446607424365,0.570273840419662,4.15035387841521e-06,4.742090972316e-06,2311.60553753458,10487.2516430956,0.547452510648219,0.572267937195808,1.81034880575623e-05,31190.2434218453,0.620010677412269,94356.4101797271,1.82683023501094e-05,34063.1399090512,0.62106320832408,93950.5072047927,6.29831111708401e-06,56600.8798822887,0.00423766391494237,627.644498044812,7.90758056250624e-06,2.86290241377126e-05,-59045.3074973138,127171.587315416,0.614092251184,0.62803416546416,92918.032005509,94982.9824040764,5.92361256062478e-06,3.06129921395941e-05,-76874.5846602347,145000.864478337,0.612757387050793,0.629369029597367,92720.3239886249,95180.6904209606
"39","A2712","III",3,FALSE,"richards",FALSE,FALSE,100,1.37749410646848e-07,-8834.09784188657,0.0188683042052444,3613.569336148,2.16631950640886e-09,1596.26042051309,5.63506086331848e-05,1.34185815058805e-07,1.41313006234891e-07,-11459.9462336306,-6208.24945014255,0.0187756074540428,0.018961000956446,1.33503424414287e-07,1.41995396879409e-07,-11962.7682660922,-5705.42741768093,0.0187578570123234,0.0189787513981654,5.37150565349344e-07,-4154.00483440476,0.0192033726131676,3614.38284599406,NA,NA,NA,NA,NA,NA,NA,NA,NA,NA,NA,NA,NA,NA,NA,NA,NA,NA,NA,NA,NA,NA,NA,NA
"40","A2712","III",5,FALSE,"logistic",FALSE,FALSE,100,6.43007300308951e-08,-96565.8969577547,0.0117991986567544,2593.05669359402,2.70539791337133e-09,5515.28747254972,6.40238359601804e-05,5.98503504633992e-08,6.87511095983909e-08,-105638.544850099,-87493.2490654104,0.0116938794465999,0.0119045178669089,5.89981501206873e-08,6.96033099411029e-08,-107375.860403952,-85755.9335115572,0.0116737119382725,0.0119246853752364,1.98694199850413e-07,-27230.2675056158,0.0120243457285332,2593.6377882617,NA,NA,NA,NA,NA,NA,NA,NA,NA,NA,NA,NA,NA,NA,NA,NA,NA,NA,NA,NA,NA,NA,NA,NA
"41","A2712","III",7,FALSE,"gompertz.exp",FALSE,FALSE,100,NA,NA,NA,NA,NA,NA,NA,NA,NA,NA,NA,NA,NA,NA,NA,NA,NA,NA,NA,4.69267938369523e-07,196712.448972606,0.0129123428930876,2072.86389820165,NA,NA,NA,NA,NA,NA,NA,NA,NA,NA,NA,NA,NA,NA,NA,NA,NA,NA,NA,NA,NA,NA,NA,NA
"42","A2733","III",0,TRUE,"logistic",FALSE,FALSE,100,3.4433557809137e-05,17449.7260145696,0.25190227173176,57416.1841738811,2.07606688467511e-05,2533.26772022118,0.00638576412357827,2.8225755623143e-07,6.85848580620425e-05,13282.5006148058,21616.9514143334,0.241397689748473,0.262406853715046,-6.25735313049516e-06,7.51244687487691e-05,12484.5212829361,22414.9307462031,0.239386174049546,0.264418369413973,3.1700854852627e-05,18000.3254913255,0.525511356018868,57558.4361084698,6.5273538943553e-05,88909.8961991811,0.526576248548626,57361.9884866876,5.78295843286136e-05,105835.885655802,0.00152008944324596,375.030073307288,-2.98561272770163e-05,0.000160403205164122,-85190.1357046138,263009.928102976,0.524075701414486,0.529076795682765,56745.0640160971,57978.9129572781,-4.80724463405296e-05,0.000178619524227636,-118528.439686192,296348.232084554,0.523596873239864,0.529555623857388,56626.9295430053,58097.0474303699
"43","A2733","III",1,TRUE,"logistic",FALSE,FALSE,100,2.57726012416289e-05,24392.6983073616,0.257436472499313,56546.1560553911,9.05170477135942e-06,2014.03893409778,0.00455046477471048,1.08825468927427e-05,4.06626555905152e-05,21079.6042607707,27705.7923539524,0.249950957944914,0.264921987053711,8.03125988976447e-06,4.35139425934934e-05,20445.1819965299,28340.2146181932,0.24851756154088,0.266355383457745,2.38751940272729e-05,25099.3334510206,0.426955961161166,56734.7977582406,2.6614005953333e-05,41880.2105642456,0.42629009832922,56495.7770806865,7.66667691542377e-06,58455.0583063039,0.0013738366739351,428.010776239788,1.40023224274609e-05,3.92256894792051e-05,-54278.3603496244,138038.781478116,0.424030137000597,0.428550059657844,55791.699353772,57199.8548076009,1.15873191991024e-05,4.16406927075636e-05,-72691.7037161101,156452.124844601,0.423597378448308,0.428982818210133,55656.8759592565,57334.6782021165
"44","A2733","III",3,TRUE,"logistic",FALSE,FALSE,100,6.11504445964334e-06,44164.9659467908,0.0945845664036392,18646.3270041254,4.18228916261897e-06,6065.77070312745,0.00433721379409331,-7.64821212864859e-07,1.29949101321515e-05,34186.7731401461,54143.1587534355,0.0874498497123557,0.101719283094923,-2.08224229908983e-06,1.43123312183765e-05,32276.055368661,56053.8765249206,0.0860836273672163,0.103085505440062,7.77731996151172e-06,50173.2032455516,0.243208778149683,18874.0917676741,1.32859731096521e-05,135392.679571307,0.243872661083954,18848.1591338939,5.04378197173456e-06,47570.4671093689,0.00131822107896994,140.28240424027,4.98895176614872e-06,2.15829944531554e-05,57139.2611763952,213646.097966219,0.241704187409049,0.24604113475886,18617.3945789186,19078.9236888691,3.40016044505234e-06,2.31717857742518e-05,42154.564036944,228630.79510567,0.241288947769173,0.246456374398735,18573.2056215829,19123.1126462048
"45","A2733","III",5,FALSE,"gompertz.exp",FALSE,FALSE,100,NA,NA,NA,NA,NA,NA,NA,NA,NA,NA,NA,NA,NA,NA,NA,NA,NA,NA,NA,7.31739906633117e-08,214343.439220149,0.00266990623666522,306.908657863651,NA,NA,NA,NA,NA,NA,NA,NA,NA,NA,NA,NA,NA,NA,NA,NA,NA,NA,NA,NA,NA,NA,NA,NA
"46","A2733","III",7,FALSE,"gompertz.exp",FALSE,FALSE,100,NA,NA,NA,NA,NA,NA,NA,NA,NA,NA,NA,NA,NA,NA,NA,NA,NA,NA,NA,2.456444760388e-07,242695.398473195,0.00318900768288111,459.13646674981,NA,NA,NA,NA,NA,NA,NA,NA,NA,NA,NA,NA,NA,NA,NA,NA,NA,NA,NA,NA,NA,NA,NA,NA
"47","A2733","V",100,FALSE,"gompertz.exp",FALSE,FALSE,100,NA,NA,NA,NA,NA,NA,NA,NA,NA,NA,NA,NA,NA,NA,NA,NA,NA,NA,NA,1.31641447530643e-06,-503.278340915217,0.00299999999999934,17.8553893352032,NA,NA,NA,NA,NA,NA,NA,NA,NA,NA,NA,NA,NA,NA,NA,NA,NA,NA,NA,NA,NA,NA,NA,NA
"48","A2733","V",100,FALSE,"gompertz.exp",FALSE,FALSE,100,NA,NA,NA,NA,NA,NA,NA,NA,NA,NA,NA,NA,NA,NA,NA,NA,NA,NA,NA,5.58983924359744e-07,239203.403579389,0.00328017911058054,238.744355268421,NA,NA,NA,NA,NA,NA,NA,NA,NA,NA,NA,NA,NA,NA,NA,NA,NA,NA,NA,NA,NA,NA,NA,NA
"49","A2724","III",0,TRUE,"gompertz.exp",FALSE,FALSE,100,NA,NA,NA,NA,NA,NA,NA,NA,NA,NA,NA,NA,NA,NA,NA,NA,NA,NA,NA,6.31203783097904e-05,5893.50167254586,0.994159735865136,219834.160341138,6.55608217600642e-05,2859.97650279035,0.995004848253704,219388.993237918,1.11801357900485e-05,3720.45516063022,0.000898444175630269,891.212954822792,4.71694983854345e-05,8.39521451346939e-05,-3260.17223644637,8980.12524202706,0.993526907584792,0.996482788922615,217922.947927234,220855.038548601,4.36477556115692e-05,8.74738879085592e-05,-4432.11561204489,10152.0686176256,0.993243897669468,0.996765798837939,217642.215846465,221135.770629371
"50","A2724","III",1,TRUE,"richards",FALSE,FALSE,100,1.32362746380481e-05,17429.2085450411,0.748939596285776,148140.002052652,2.4105706138683e-07,463.04508854965,0.00191372059910426,1.28397357720668e-05,1.36328135040295e-05,16667.4993743769,18190.9177157053,0.745791525900249,0.752087666671302,1.27638027977299e-05,1.37087464783663e-05,16521.6401714838,18336.7769185984,0.745188703911531,0.75269048866002,2.05587069474334e-05,27846.6326611871,0.775311757148927,148510.098114118,2.06791164756793e-05,21480.7446613912,0.775520232093497,148232.587108146,1.09057288363943e-06,13152.9548266525,0.000567115189253098,498.450994038692,1.88851240820924e-05,2.24731088692661e-05,-155.866028452187,43117.3553512345,0.774587327607176,0.776453136579818,147412.635222952,149052.53899334,1.8541593623746e-05,2.28166393276126e-05,-4299.04679884772,47260.5361216301,0.774408686322561,0.776631777864433,147255.62315983,149209.551056462
"51","A2724","III",3,FALSE,"gompertz.exp",FALSE,FALSE,100,NA,NA,NA,NA,NA,NA,NA,NA,NA,NA,NA,NA,NA,NA,NA,NA,NA,NA,NA,4.63613415691496e-06,194099.158871889,0.148936611575077,18102.0866641077,NA,NA,NA,NA,NA,NA,NA,NA,NA,NA,NA,NA,NA,NA,NA,NA,NA,NA,NA,NA,NA,NA,NA,NA
"52","A2724","III",5,FALSE,"logistic",FALSE,FALSE,100,1.48928239854232e-06,-16734.7880192022,0.0490541982790877,11942.8366949084,5.28945046012414e-07,8595.50819604585,0.000699057899354455,6.19167797851901e-07,2.35939699923274e-06,-30874.3990016976,-2595.17703670676,0.0479042480346496,0.0502041485235258,4.52550108357991e-07,2.52601468872666e-06,-33581.984083452,112.408045047683,0.047684044796353,0.0504243517618225,3.86166229902343e-05,-472.458499152166,0.0641438534824974,11961.799431465,NA,NA,NA,NA,NA,NA,NA,NA,NA,NA,NA,NA,NA,NA,NA,NA,NA,NA,NA,NA,NA,NA,NA,NA
"53","A2724","III",7,FALSE,"logistic",FALSE,FALSE,100,1.21336997954434e-06,-17311.9172416418,0.040480757748179,9859.74529492023,4.97584221074003e-07,10142.931340224,0.000653400241056553,3.94843935877602e-07,2.03189602321107e-06,-33997.0392963103,-626.795186973282,0.0394059143516409,0.041555601144717,2.38104906239291e-07,2.18863505284938e-06,-37192.0626684809,2568.22818519729,0.0392000932757081,0.0417614222206498,2.71041127942266e-05,-525.539800593638,0.054259398918403,9876.29486643045,NA,NA,NA,NA,NA,NA,NA,NA,NA,NA,NA,NA,NA,NA,NA,NA,NA,NA,NA,NA,NA,NA,NA,NA
"54","A2733","III",0,TRUE,"gompertz",FALSE,FALSE,100,4.2626307477936e-05,17030.2773176831,0.249518263968263,57042.7301180109,2.83715512780739e-05,2149.42596839905,0.00654416337101285,-4.04489437449554e-06,8.92975093303676e-05,13494.4715996667,20566.0830356996,0.238753115222947,0.260283412713579,-1.29819330270888e-05,9.82345479829608e-05,12817.402419621,21243.1522157453,0.236691703761078,0.262344824175448,3.30089520557039e-05,17385.8505528472,0.538545280357684,57275.888075705,3.96309201888788e-05,42231.5051189788,0.540877868790299,57120.6625741554,1.37874712347064e-05,68110.8848881713,0.00173976834918771,288.603586369018,1.69505300077868e-05,6.23113103699708e-05,-69810.900522063,154273.910760021,0.538015949855885,0.543739787724713,56645.9096745784,57595.4154737325,1.26074765688543e-05,6.66543638089033e-05,-91265.829261837,175728.839499795,0.537467922825891,0.544287814754707,56554.9995448722,57686.3256034387
"55","A2733","III",1,TRUE,"gompertz",FALSE,FALSE,100,3.0452820710943e-05,23198.4162403413,0.196661833597393,43677.1273143949,1.9690835792393e-05,2303.12861016445,0.00534789202769439,-1.93860416754355e-06,6.28442455894295e-05,19409.7696766208,26987.0628040618,0.187864551211836,0.20545911598295,-8.14121744214735e-06,6.90468588640333e-05,18684.284164419,27712.5483162636,0.186179965223112,0.207143701971674,2.5874869652399e-05,24365.1337808108,0.429774863765787,43947.0336799221,3.94276811020019e-05,109208.662567961,0.429362847927786,43839.7308318473,2.58762947745091e-05,103158.27238639,0.000855333127282861,280.548356204999,-3.1388238020656e-06,8.19941860060695e-05,-60486.6955076499,278904.020643572,0.427955824933406,0.430769870922166,43378.22878589,44301.2328778045,-1.1289856656036e-05,9.01452188600399e-05,-92981.5513093626,311398.876445285,0.427686394998311,0.43103930085726,43289.8560536855,44389.6056100091
"56","A2733","III",3,TRUE,"logistic",FALSE,FALSE,100,7.57649071399005e-06,42341.2748226106,0.108223394545345,21596.4770800239,4.20824178240095e-06,4550.47926417581,0.00383799215339018,6.53932981940484e-07,1.44990484460396e-05,34855.7364330414,49826.8132121798,0.101909897453018,0.114536891637672,-6.71663179515815e-07,1.58246446074959e-05,33422.335464826,51260.2141803952,0.1007009299247,0.11574585916599,1.00703189032309e-05,155776.434435181,0.246064507942321,21882.7742611511,1.57928659991318e-05,130617.012134943,0.245761168889241,21799.9931447256,5.56737568642776e-06,44637.2820417676,0.00120725300770657,160.67141007387,6.63453299495813e-06,2.49511990033055e-05,57188.6831762352,204045.341093651,0.243775237691564,0.247747100086919,21535.6886751541,22064.2976142971,4.88080965373339e-06,2.67049223445302e-05,43127.9393330784,218106.084936807,0.243394952994137,0.248127384784346,21485.0771809808,22114.9091084704
"57","A2733","III",5,FALSE,"gompertz.exp",FALSE,FALSE,100,NA,NA,NA,NA,NA,NA,NA,NA,NA,NA,NA,NA,NA,NA,NA,NA,NA,NA,NA,1.41994399147555e-06,25055.7410840254,0.00877121377702785,814.100488768417,NA,NA,NA,NA,NA,NA,NA,NA,NA,NA,NA,NA,NA,NA,NA,NA,NA,NA,NA,NA,NA,NA,NA,NA
"58","A2733","III",7,FALSE,"gompertz.exp",FALSE,FALSE,100,NA,NA,NA,NA,NA,NA,NA,NA,NA,NA,NA,NA,NA,NA,NA,NA,NA,NA,NA,5.57557570191727e-08,-20024.144679699,0.00168938226954242,65.4743812411518,NA,NA,NA,NA,NA,NA,NA,NA,NA,NA,NA,NA,NA,NA,NA,NA,NA,NA,NA,NA,NA,NA,NA,NA
"59","A2733","V",0,TRUE,"logistic",FALSE,FALSE,100,3.91098458409215e-05,17373.2264293941,0.290778564194432,66282.2022240648,1.89583700529914e-05,2069.92486650683,0.0059757405448195,7.92332710375071e-06,7.02963645780923e-05,13968.2000239903,20778.2528347978,0.280948470998204,0.300608657390661,1.95144053705844e-06,7.62682511447846e-05,13316.1736910407,21430.2791677475,0.279066112726586,0.302491015662279,3.36796178613978e-05,17383.6427988737,0.550912707571828,66463.0565658686,3.7715065321472e-05,38058.7384552156,0.552220942521727,66227.1867779729,3.20100094707682e-06,56802.9331567039,0.00180583055352165,347.9115763844,3.24494187635306e-05,4.29807118794133e-05,-55382.0865875624,131499.563497994,0.549250351261184,0.55519153378227,65654.8722348205,66799.5013211252,3.14411034652014e-05,4.39890271777425e-05,-73275.0105319242,149392.487442355,0.548681514636825,0.55576037040663,65545.2800882595,66909.0934676863
"60","NEG","V",0,TRUE,"gompertz.exp",FALSE,FALSE,100,NA,NA,NA,NA,NA,NA,NA,NA,NA,NA,NA,NA,NA,NA,NA,NA,NA,NA,NA,0,NA,0,0,NA,NA,NA,NA,NA,NA,NA,NA,NA,NA,NA,NA,NA,NA,NA,NA,NA,NA,NA,NA,NA,NA,NA,NA
"61","A2724","III",0,TRUE,"gompertz.exp",FALSE,FALSE,100,NA,NA,NA,NA,NA,NA,NA,NA,NA,NA,NA,NA,NA,NA,NA,NA,NA,NA,NA,4.18207428714355e-05,3534.92536954388,0.952171521363103,210174.591447296,6.66984255437161e-05,4222.12179539683,0.952971887117127,209532.536106752,3.77765515787304e-05,1053.1810802399,0.000933334413310792,873.704484057362,4.55599819670447e-06,0.000128840852890728,2489.6389184022,5954.60467239147,0.951436552007231,0.954507222227023,208095.292230478,210969.779983027,-7.34361555059562e-06,0.000140740466638028,2157.88687812663,6286.35671266704,0.951142551667038,0.954801222567216,207820.075318,211244.996895505
"62","A2724","III",1,TRUE,"gompertz",FALSE,FALSE,100,1.33073944578498e-05,13471.8852992459,0.713168716835606,145812.052416068,3.19142619143131e-07,690.352102232449,0.00244741443022925,1.27824048493594e-05,1.38323840663403e-05,12336.2560910735,14607.5145074182,0.709142720097879,0.717194713573334,1.26818749243293e-05,1.39329139913704e-05,12118.7951788703,14824.9754196215,0.708371784552357,0.717965649118856,2.26592931795428e-05,22653.0492123841,0.760056954604603,146025.379563622,2.23213056804113e-05,13467.6917718795,0.75976852934192,145667.914158568,1.11642526409971e-06,19175.2055815684,0.00101390049837935,735.333110976629,2.04847861209673e-05,2.41578252398553e-05,-18075.5214098005,45010.9049535595,0.758100663022086,0.761436395661754,144458.291191012,146877.537126125,2.01331121627759e-05,2.45094991980467e-05,-24115.7111679946,51051.0947117536,0.757781284365096,0.761755774318743,144226.661261054,147109.167056082
"63","A2724","III",3,FALSE,"logistic",FALSE,FALSE,100,3.28696633863606e-07,-112771.091784069,0.0765627958230838,15898.5843852063,2.74728740359288e-08,13028.8266711604,0.00125971777860002,2.83503756074503e-07,3.73889511652709e-07,-134203.511658128,-91338.6719100106,0.0744905600772867,0.0786350315688808,2.74849800753186e-07,3.82543466974026e-07,-138307.592059544,-87234.5915085951,0.0740937489770277,0.0790318426691398,2.34877780846041e-05,-1199.76188061235,0.088081757186103,15913.7722049469,NA,NA,NA,NA,NA,NA,NA,NA,NA,NA,NA,NA,NA,NA,NA,NA,NA,NA,NA,NA,NA,NA,NA,NA
"64","A2724","III",5,FALSE,"gompertz",FALSE,FALSE,100,3.70100711190435e-06,-13106.2307024284,0.0452302260346036,11235.1535685157,7.47600113571677e-06,30640.6329410707,0.000679159565084786,-8.59701475634973e-06,1.59990289801584e-05,-63510.0718904897,37297.6104856328,0.0441130085500391,0.046347443519168,-1.09519551141005e-05,1.83539693379092e-05,-73161.871266927,46949.4098620701,0.0438990732870374,0.0465613787821697,5.42758347270915e-05,-554.235763579419,0.0582140427768477,11254.4771574731,NA,NA,NA,NA,NA,NA,NA,NA,NA,NA,NA,NA,NA,NA,NA,NA,NA,NA,NA,NA,NA,NA,NA,NA
"65","A2724","III",7,FALSE,"logistic",FALSE,FALSE,100,2.13280395939847e-06,-16450.8439908674,0.0528773750770531,13031.2768965959,1.69243988194009e-06,16486.403057442,0.000967320699839715,-6.51259646392975e-07,4.91686756518991e-06,-43570.9770203595,10669.2890386246,0.0512861325258168,0.0544686176282894,-1.1843782092041e-06,5.44998612800104e-06,-48764.1939834537,15862.5060017188,0.0509814265053673,0.0547733236487389,1.08492106832975e-06,-34957.4531428157,0.0745670206480285,13042.4181763688,NA,NA,NA,NA,NA,NA,NA,NA,NA,NA,NA,NA,NA,NA,NA,NA,NA,NA,NA,NA,NA,NA,NA,NA
"66","A2707","V",0,TRUE,"richards",FALSE,FALSE,100,4.53644597472842e-05,7457.54231507943,0.467005998013424,110943.199925122,1.09288809753008e-05,1838.9087232041,0.00379025701471776,2.73864505429143e-05,6.33424689516541e-05,4432.53746540868,10482.5471647502,0.460771025224213,0.473240970802635,2.39438530356946e-05,6.67850664588739e-05,3853.28121759939,11061.8034125595,0.459577094264577,0.474434901762271,3.51358590280669e-05,5538.03461392001,0.623285012414511,110931.452707692,3.50294129201149e-05,3174.95429949752,0.624059352497072,110586.374862444,8.09976660221819e-07,3922.30426104639,0.00221542978607919,600.560722913976,3.369700131405e-05,3.63618245261798e-05,-3277.23620992379,9627.14480891884,0.620414970498972,0.627703734495172,109598.45247325,111574.297251637,3.34418586660801e-05,3.66169671741497e-05,-4512.7620521534,10862.6706511484,0.619717110116357,0.628401594877787,109409.275845533,111763.473879355
"67","A2707","V",10,TRUE,"logistic",FALSE,FALSE,100,4.74098886885033e-05,12054.5177156474,0.399747551835498,93047.9087927759,1.57851236293417e-05,1612.21041696653,0.00595577097791992,2.14433603182362e-05,7.33764170587703e-05,9402.43157973741,14706.6038515573,0.389950308576819,0.409544795094176,1.64710463749936e-05,7.83487310020129e-05,8894.58529839296,15214.4501329017,0.388074240718775,0.411420862952221,4.05587402494208e-05,11951.9373766441,0.581767878314628,93331.7446185333,4.06265988636798e-05,10466.3271080623,0.582080855817511,93071.8886401889,9.68506525074865e-07,3182.60795229514,0.00168746779529262,435.244805756036,3.90334056299316e-05,4.22197920974279e-05,5230.93702653677,15701.7171895878,0.579304971294255,0.584856740340768,92355.9109347202,93787.8663456575,3.8728326074533e-05,4.25248716528265e-05,4228.4155215638,16704.2386945607,0.578773418938738,0.585388292696285,92218.808820907,93924.9684594707
"68","A2707","V",50,TRUE,"logistic",FALSE,FALSE,100,4.5116618169292e-05,29046.9969077121,0.408883664472785,88097.9267640231,1.30956205988871e-05,1510.38133154762,0.0057363165440205,2.35743222841227e-05,6.66589140544613e-05,26562.4196173163,31531.574198108,0.399447423757871,0.418319905187699,1.94492017954733e-05,7.07840345431107e-05,26086.6494978788,32007.3443175455,0.397640484046505,0.420126844899065,3.70744762143848e-05,28342.7841118924,0.579261105784081,88611.1040291956,3.87974704547579e-05,27036.9443942035,0.579333319403116,88440.8878061723,2.36663633256171e-06,5140.66462074116,0.000446590624989204,332.769393717002,3.49043536876939e-05,4.26905872218219e-05,18580.5510930843,35493.3376953227,0.578598677825009,0.580067960981223,87893.4821535079,88988.2934588368,3.41588632429369e-05,4.34360776665788e-05,16961.2417375508,37112.6470508562,0.578458001778137,0.580208637028095,87788.659794487,89093.1158178576
"69","A2707","V",100,TRUE,"logistic",FALSE,FALSE,100,2.22593759038098e-05,91689.4429830808,0.307732501841161,46294.0834375941,2.46561412944665e-06,877.566194520715,0.00248697342868934,1.820344066087e-05,2.63153111467495e-05,90245.8465930942,93133.0393730674,0.303641430550967,0.311823573131355,1.74267722100943e-05,2.70919795975252e-05,89969.4132418202,93409.4727243414,0.30285803392093,0.312606969761392,1.97613687154255e-05,91587.051786129,0.381015468340904,46845.6208227674,1.98946100027874e-05,94936.6622244406,0.38107395306044,46686.3763173815,1.018555000981e-06,7615.65774966669,0.00262275855835736,245.421540212728,1.82190870261737e-05,2.15701329794012e-05,82408.9052262389,107464.419222642,0.376759515231942,0.385388390888938,46282.6578837315,47090.0947510314,1.78982422008647e-05,2.18909778047102e-05,80009.9730350939,109863.351413787,0.37593334628606,0.386214559834821,46205.3500985645,47167.4025361984
"70","A2707","V",150,FALSE,"logistic",FALSE,FALSE,100,-6.28382555301438e-07,68175.749346938,0.0237639942407509,1171.99985555915,2.62141828802586e-08,857.353867624895,0.000318070798566194,-6.71504886139463e-07,-5.85260224463413e-07,66765.4022346951,69586.0964591809,0.0232407677771095,0.0242872207043922,-6.79762353746745e-07,-5.77002756856131e-07,66495.3357663932,69856.1629274828,0.0231405754755611,0.0243874130059406,1.99697291672636e-06,-7106.42266700154,0.0250764969736127,1194.30136737088,NA,NA,NA,NA,NA,NA,NA,NA,NA,NA,NA,NA,NA,NA,NA,NA,NA,NA,NA,NA,NA,NA,NA,NA
"71","A2733","V",10,TRUE,"logistic",FALSE,FALSE,100,2.98493244895485e-05,27599.2762880147,0.244362355313557,53111.0526115469,1.42785393515766e-05,2248.77053725481,0.00533633750712722,6.36112725620495e-06,5.3337521722892e-05,23900.0487542305,31298.5038217989,0.235584080114332,0.253140630512781,1.86338736045832e-06,5.78352616186386e-05,23191.6860349953,32006.8665410341,0.233903133799587,0.254821576827526,3.16958353030971e-05,29358.635359979,0.418184020785082,53309.8544080033,3.09843191976332e-05,31276.8076717423,0.418577256070198,53131.1945335509,1.16765254996973e-06,3541.23525200215,0.00376350343969207,314.638521744823,2.9063530752933e-05,3.29051076423334e-05,25451.4756821987,37102.1396612858,0.412386292911905,0.424768219228492,52613.6141652807,53648.7749018211,2.86957201996925e-05,3.32729181955739e-05,24335.986577818,38217.6287656665,0.411200789328402,0.425953722811995,52514.503030931,53747.8860361708
"72","NEG","V",10,TRUE,"gompertz.exp",FALSE,FALSE,100,NA,NA,NA,NA,NA,NA,NA,NA,NA,NA,NA,NA,NA,NA,NA,NA,NA,NA,NA,0,NA,0,0,NA,NA,NA,NA,NA,NA,NA,NA,NA,NA,NA,NA,NA,NA,NA,NA,NA,NA,NA,NA,NA,NA,NA,NA
"73","A2724","III",0,TRUE,"logistic",FALSE,FALSE,100,2.9080861224966e-05,-2264.15994775113,0.932936294141249,218249.095313271,9.24846070847848e-07,599.054101448384,0.00230107991332079,2.75594894384213e-05,3.06022330115107e-05,-3249.60394463372,-1278.71595086854,0.929151017683837,0.936721570598662,2.72681629261042e-05,3.08935595238278e-05,-3438.30598658996,-1090.0139089123,0.928426177511141,0.937446410771358,4.39822108041425e-05,3697.18872010563,0.973427237581619,218073.389864591,6.22250329711398e-05,3092.75748209714,0.974473892635897,217496.090177512,3.13994257816218e-05,2781.42111993399,0.000913050904904134,839.967080647575,1.0572977560372e-05,0.000113877088381908,-1482.68026019427,7668.19522438855,0.972971923897329,0.975975861374464,216114.344329847,218877.836025178,6.82158439161115e-07,0.000123767907503119,-2358.82791297348,8544.34287716776,0.972684312862285,0.976263472409509,215849.754699443,219142.425655582
"74","A2724","III",1,TRUE,"gompertz",FALSE,FALSE,100,1.89922337753323e-05,16947.4828317067,0.718855672834603,151052.311216561,4.73671231936145e-07,512.656183170584,0.00202858472384577,1.82130445987973e-05,1.97714229518672e-05,16104.1634103911,17790.8022530223,0.715518650963877,0.722192694705329,1.80638381607374e-05,1.99206293899271e-05,15942.6767126923,17952.288950721,0.714879646775865,0.722831698893341,3.05050920840678e-05,23519.4054896022,0.753393884781676,151491.83034008,3.12413540996271e-05,17764.7981020925,0.754871126268225,151064.98478253,1.58966781776435e-06,24187.1740004009,0.00207171975544141,614.534616516391,2.86263505394047e-05,3.38563576598494e-05,-22023.103128567,57552.6993327521,0.751463147270524,0.758279105265926,150054.075338361,152075.894226699,2.81256051768089e-05,3.43571030224452e-05,-29642.0629386933,65171.6591428784,0.75081055554756,0.75893169698889,149860.496934158,152269.472630902
"75","A2724","III",3,FALSE,"gompertz",FALSE,FALSE,100,4.77124707393268e-07,-83088.200449398,0.0801842091536991,17053.1490972039,3.65241044831943e-08,8820.87625147167,0.00101712791948414,4.17042555518413e-07,5.37206859268122e-07,-97598.5418830689,-68577.8590157271,0.0785110337261476,0.0818573845812505,4.05537462606207e-07,5.48711952180328e-07,-100377.117902282,-65799.2829965135,0.0781906384315101,0.082177779875888,1.18124740255064e-05,-2561.39789510227,0.092130057407902,17064.1002587961,NA,NA,NA,NA,NA,NA,NA,NA,NA,NA,NA,NA,NA,NA,NA,NA,NA,NA,NA,NA,NA,NA,NA,NA
"76","A2724","III",5,FALSE,"logistic",FALSE,FALSE,100,2.19288188017282e-06,-13095.8377848529,0.0598082732419424,14595.3691457969,1.29458366743611e-06,11551.6451005661,0.00136974080407797,6.32917472404169e-08,4.32247201310523e-06,-32098.2939752841,5906.61840557836,0.0575550496192342,0.0620614968646507,-3.44502108001959e-07,4.7302658683476e-06,-35737.0621819625,9545.38661225669,0.0571235812659496,0.0624929652179353,4.39229773096467e-05,-579.462473756726,0.0909077617803601,14620.3571725807,NA,NA,NA,NA,NA,NA,NA,NA,NA,NA,NA,NA,NA,NA,NA,NA,NA,NA,NA,NA,NA,NA,NA,NA
"77","A2724","III",7,FALSE,"logistic",FALSE,FALSE,100,1.54811700328472e-06,-20355.2884770999,0.0646880380411418,15623.7901654198,6.8585245485509e-07,13385.6576472332,0.0013740229708597,4.198897150481e-07,2.67634429152135e-06,-42374.6953067985,1664.11835259869,0.0624277702540776,0.066948305828206,2.03846191768746e-07,2.8923878148007e-06,-46591.177465677,5880.60051147715,0.0619949530182568,0.0673811230640268,3.10145534958394e-06,-9793.23765919049,0.0958022510165518,15643.9800683642,NA,NA,NA,NA,NA,NA,NA,NA,NA,NA,NA,NA,NA,NA,NA,NA,NA,NA,NA,NA,NA,NA,NA,NA
"78","A2707","V",0,TRUE,"logistic",FALSE,FALSE,100,4.62654599613407e-05,6536.32356847552,0.470013872114688,111579.442024867,8.11102528926557e-06,1022.43417643578,0.0040097685605741,3.29228233604989e-05,5.96080965621826e-05,4854.41934823866,8218.22778871237,0.463417802832544,0.476609941396833,3.03678503943802e-05,6.21630695283013e-05,4532.35258266139,8540.29455428964,0.462154725735963,0.477873018493413,3.71019612451602e-05,5563.45214707812,0.647826058993527,111679.755255384,3.73672862598763e-05,2348.15339350472,0.647836898414156,111331.961059924,9.28952372273918e-07,2639.83709112371,0.00130394106906001,506.33228836208,3.58391596074857e-05,3.88954129122669e-05,-1994.37862139378,6690.68540840322,0.645691915355552,0.649981881472759,110499.044445569,112164.87767428,3.55465396102195e-05,3.91880329095332e-05,-2825.92730509775,7522.23409210719,0.645281173918798,0.650392622909513,110339.549774735,112324.372345114
"79","A2707","V",10,TRUE,"gompertz",FALSE,FALSE,100,6.22492203297773e-05,13414.4234842431,0.397130060094983,92103.21156201,1.87713673207904e-05,1061.22407311112,0.00489556281344369,3.13703210870771e-05,9.31281195724775e-05,11668.7098839753,15160.1370845109,0.389076859266868,0.405183260923098,2.54573403810282e-05,9.90411002785265e-05,11334.4243009453,15494.4226675409,0.387534756980633,0.406725363209333,4.486216822967e-05,13242.5699152167,0.601209806429408,92521.0800071221,4.51162340827945e-05,12875.7775014202,0.600629764635727,92195.722237498,1.64069311822079e-06,2931.08420070364,0.0033867705153313,536.570323575994,4.24172939033213e-05,4.78151742622677e-05,8054.1439912627,17697.4110115777,0.595058527138007,0.606201002133447,91313.0640552155,93078.3804197805,4.19004755710818e-05,4.83319925945073e-05,7130.85246804105,18620.7025347993,0.593991694425677,0.607267834845776,91144.0444032891,93247.400071707
"80","A2707","V",50,TRUE,"logistic",FALSE,FALSE,100,4.67623536485075e-05,28975.0254199085,0.403233412472946,86998.2182013717,1.29760178893452e-05,1373.95271313228,0.00526704349614411,2.54168042205347e-05,6.81079030764803e-05,26714.8732068059,31235.1776330111,0.394569125921789,0.411897699024103,2.1329358585391e-05,7.2195348711624e-05,26282.0781021692,31667.9727376478,0.392910007220503,0.413556817725388,4.097483165058e-05,28700.842939389,0.562431799804267,87447.0757746241,4.0408508913409e-05,26488.3180551519,0.562528743329795,87172.8261710961,2.45762740806567e-06,4300.0136826718,0.000636158028921846,463.373014352341,3.6365711827141e-05,4.44513059996771e-05,19414.7955471568,33561.840563147,0.561482263372219,0.563575223287371,86410.5775624865,87935.0747797057,3.55915591936003e-05,4.52254586332178e-05,18060.2912371151,34916.3448731886,0.561281873593108,0.563775613066482,86264.6150629655,88081.0372792267
"81","A2707","V",100,TRUE,"richards",FALSE,FALSE,100,2.59381329185176e-05,96113.4411784823,0.34866394748176,52027.8894528081,1.18980102196871e-05,4897.16162334857,0.00590131108267211,6.36590610713224e-06,4.55103597299029e-05,88057.610308074,104169.272048891,0.338956290750764,0.358371604212756,2.61803288793079e-06,4.92582329491043e-05,86515.0043967192,105711.877960246,0.337097377759723,0.360230517203797,2.17276258874337e-05,93643.7011112613,0.484457236439334,52943.2375410707,2.18479010666242e-05,100617.328426653,0.48445708137711,52786.4039846038,1.0855019912085e-06,8357.89583650883,0.000404767313539068,254.876983995162,2.00622502910862e-05,2.36335518421622e-05,86868.5897755961,114366.06707771,0.483791239146338,0.485122923607882,52367.1313459318,53205.6766232759,1.97203171638555e-05,2.39754849693929e-05,84235.8525870959,116998.80426621,0.483663737442574,0.485250425311647,52286.8450959733,53285.9628732344
"82","A2707","V",150,FALSE,"gompertz.exp",FALSE,FALSE,100,NA,NA,NA,NA,NA,NA,NA,NA,NA,NA,NA,NA,NA,NA,NA,NA,NA,NA,NA,2.59109664928553e-06,-5321.64700391475,0.027959347994213,1207.0262417952,NA,NA,NA,NA,NA,NA,NA,NA,NA,NA,NA,NA,NA,NA,NA,NA,NA,NA,NA,NA,NA,NA,NA,NA
"83","A2733","V",50,TRUE,"logistic",FALSE,FALSE,100,1.78994414596468e-05,72564.5201528168,0.163838216960553,28163.2737583345,6.86065384282421e-06,2013.49018369586,0.00343025658211434,6.61366588820095e-06,2.91852170310926e-05,69252.3288006371,75876.7115049964,0.158195444882974,0.169480989038131,4.45255992771133e-06,3.13463229915822e-05,68618.0793927729,76510.9609128606,0.157114914059608,0.170561519861497,2.18046484665734e-05,75256.5034943515,0.294574990689992,28449.7248362448,2.03407075849547e-05,75812.9012346442,0.29398737073439,28303.4363330056,1.93050550104679e-06,4923.79937052297,0.00484227297503602,290.207232069049,1.71650260357327e-05,2.35163891341767e-05,67713.2512701339,83912.5511991545,0.286021831690456,0.301952909778324,27826.045436252,28780.8272297591,1.6556916802903e-05,2.41244983670064e-05,66162.2544684192,85463.5480008693,0.284496515703319,0.30347822576546,27734.6301581502,28872.2425078609
"84","NEG","V",50,TRUE,"gompertz.exp",FALSE,FALSE,100,NA,NA,NA,NA,NA,NA,NA,NA,NA,NA,NA,NA,NA,NA,NA,NA,NA,NA,NA,0,NA,0,0,NA,NA,NA,NA,NA,NA,NA,NA,NA,NA,NA,NA,NA,NA,NA,NA,NA,NA,NA,NA,NA,NA,NA,NA
"85","A2731","III",0,TRUE,"logistic",FALSE,FALSE,100,3.28153601986282e-05,-892.907378203552,0.92948393583367,218203.022428256,1.48447467088401e-06,747.68252928614,0.00312232101368994,3.03733993650241e-05,3.52573210322324e-05,-2122.84513887925,337.030382472148,0.92434771776615,0.93462015390119,2.99057898436956e-05,3.57249305535609e-05,-2358.36513560439,572.550379197282,0.923364186646838,0.935603685020503,5.34904426155389e-05,4158.84854715554,0.985474237287427,217970.007777282,6.40238640334391e-05,4294.63965036812,0.985834194941729,217271.347442596,2.00864057962775e-05,4458.05284316537,0.000637087514688318,977.855607062104,3.09817264985626e-05,9.70660015683156e-05,-3038.85727663891,11628.1365773752,0.984786185980066,0.986882203903391,215662.774968979,218879.919916213,2.46545086727352e-05,0.000103393219394143,-4443.143922236,13032.4232229722,0.984585503412939,0.987082886470518,215354.750452754,219187.944432438
"86","A2731","III",1,TRUE,"gompertz",FALSE,FALSE,100,9.88891969877786e-06,7640.64147368179,0.72175620884428,143553.817034521,2.76336464205442e-07,1078.63800783225,0.00361133581282113,9.43434621515991e-06,1.03434931823958e-05,5866.28195079775,9415.00099656584,0.71581556143219,0.727696856256371,9.34730022893519e-06,1.04305391686205e-05,5526.51097833059,9754.77196903299,0.714677990651151,0.72883442703741,2.3821050711533e-05,21832.8914457859,0.778792739893848,143240.20011668,2.40253490044433e-05,16871.7204427583,0.77830203934103,142565.67354652,1.91333421249888e-06,25612.6965482652,0.00266447091807734,893.097477350538,2.08779142248827e-05,2.7172783784004e-05,-25261.165379138,59004.6062646545,0.773918984680793,0.782685094001268,141096.528196278,144034.818896761,2.02752139479455e-05,2.77754840609411e-05,-33329.1647918415,67072.605677358,0.773079676341599,0.783524402340462,140815.202490913,144316.144602127
"87","A2731","III",3,FALSE,"gompertz",FALSE,FALSE,100,3.0593399860234e-07,-121353.315267764,0.130749583025871,18000.8664655617,1.56655981950361e-08,9448.78292664341,0.00802215793421249,2.80164089571505e-07,3.31703907633174e-07,-136896.563182093,-105810.067353436,0.117553133224091,0.14394603282765,2.75229426140069e-07,3.36638571064611e-07,-139872.929803986,-102833.700731543,0.115026153474814,0.146473012576927,1.75375114103938e-06,168955.069513456,0.102167391063782,18005.3347151964,NA,NA,NA,NA,NA,NA,NA,NA,NA,NA,NA,NA,NA,NA,NA,NA,NA,NA,NA,NA,NA,NA,NA,NA
"88","A2731","III",5,FALSE,"logistic",FALSE,FALSE,100,1.29352261822614e-06,-17035.1873590573,0.0537054379979656,12879.3768036364,4.71873768677995e-07,10333.1232514924,0.00110633487363068,5.1729026875084e-07,2.06975496770145e-06,-34033.1751077622,-37.1996103523197,0.0518855171308431,0.0555253588650881,3.68650031617272e-07,2.21839520483501e-06,-37288.1089319823,3217.73421386777,0.0515370216456495,0.0558738543502817,2.32641911904271e-06,-10227.4858997206,0.0773106662673196,12897.9797374895,NA,NA,NA,NA,NA,NA,NA,NA,NA,NA,NA,NA,NA,NA,NA,NA,NA,NA,NA,NA,NA,NA,NA,NA
"89","A2731","III",7,FALSE,"logistic",FALSE,FALSE,100,1.06440754221292e-06,-16488.1855854579,0.0686224391603136,15655.6341472343,1.99845179775712e-07,7506.58854986626,0.00125377942576854,7.35662221481876e-07,1.39315286294397e-06,-28836.5237499879,-4139.8474209279,0.0665599720049243,0.0706849063157028,6.72710989852527e-07,1.45610409457332e-06,-31201.0991431958,-1775.27202772003,0.0661650314858073,0.0710798468348199,2.14821498882581e-06,-10310.3939539991,0.0915324483691999,15692.4401245179,NA,NA,NA,NA,NA,NA,NA,NA,NA,NA,NA,NA,NA,NA,NA,NA,NA,NA,NA,NA,NA,NA,NA,NA
"90","A2707","V",0,TRUE,"gompertz.exp",FALSE,FALSE,100,NA,NA,NA,NA,NA,NA,NA,NA,NA,NA,NA,NA,NA,NA,NA,NA,NA,NA,NA,4.72946226791864e-05,6440.59184381529,0.668091090864576,97094.3517281181,4.50147483458246e-05,4232.92767570255,0.666166354043655,96900.21518705,6.52192607307147e-06,2054.24066556503,0.00328296421690576,308.374055472063,3.4286179955622e-05,5.57433167360271e-05,853.701780848075,7612.15357055702,0.660765877906845,0.671566830180465,96392.9398657984,97407.4905083015,3.22317732426045e-05,5.77977234490446e-05,206.615971195092,8259.23938021001,0.659731744178519,0.67260096390879,96295.8020383247,97504.6283357752
"91","A2707","V",10,TRUE,"gompertz",FALSE,FALSE,100,6.26012274185937e-05,12941.3374686721,0.363711743929057,84645.0636631604,2.61850143165878e-05,1340.85624344867,0.00591766333591376,1.95268788678068e-05,0.000105675575969381,10735.628948199,15147.0459891451,0.353977187741478,0.373446300116635,1.12785993580817e-05,0.000113923855479106,10313.2592315127,15569.4157058314,0.352113123790666,0.375310364067447,4.13907788492782e-05,12224.5833712912,0.609958934073847,85052.5205266547,4.26991434722064e-05,12210.9378950057,0.609196973929499,84794.2820300718,1.9769189915524e-06,3630.82438950886,0.00213143275695021,485.685310760686,3.94471117311027e-05,4.595117521331e-05,6238.23177426365,18183.6440157478,0.605690767044316,0.612703180814682,83995.3296938705,85593.2343662731,3.88243822487637e-05,4.6573904695649e-05,5094.52209156836,19327.3536984431,0.605019365725876,0.613374582133121,83842.3388209809,85746.2252391627
"92","A2707","V",50,TRUE,"logistic",FALSE,FALSE,100,4.87262955262605e-05,29480.6182009862,0.32516028106287,70306.4258742342,3.32601818296869e-05,2616.38525310635,0.00914598315500948,-5.98670358357443e-06,0.000103439294636096,25176.6644596263,33784.5719423462,0.31011513877288,0.340205423352861,-1.64636608599258e-05,0.000113916251912447,24352.5031048978,34608.7332970747,0.307234154079052,0.343086408046689,5.00425353230398e-05,30235.3663469223,0.59683546417183,70873.2074881922,4.32323035648135e-05,27821.12571606,0.596567433985628,70690.6881344867,5.53389913554496e-06,4946.25168763013,0.00100872180031776,270.388717402366,3.41290394868421e-05,5.2335567642785e-05,19684.5416899084,35957.7097422116,0.594908086624106,0.598226781347151,70245.8986943598,71135.4775746136,3.23858612591454e-05,5.40787458704816e-05,18126.4724083049,37515.7790238151,0.594590339257005,0.598544528714251,70160.726248378,71220.6500205953
"93","A2707","V",100,TRUE,"logistic",FALSE,FALSE,100,2.45949631766057e-05,94886.4815780227,0.311175457687062,45999.6737942859,5.66797014793109e-06,1671.30403288508,0.00503512334776517,1.5271152283259e-05,3.39187740699523e-05,92137.1864439267,97635.7767121186,0.302892679779988,0.319458235594135,1.34857416866607e-05,3.57041846665506e-05,91610.7256735679,98162.2374824774,0.301306615925442,0.321044299448682,2.43566586481264e-05,96138.582468324,0.438971678865715,46619.4855299609,2.37334721319974e-05,97203.7212153247,0.437739669430199,46418.3723096986,1.33095576326457e-06,7070.68301838001,0.00200465656048098,263.629802456725,2.15440499014272e-05,2.59228943625676e-05,85572.4476500896,108834.99478056,0.434442009388207,0.44103732947219,45984.7012846573,46852.0433347399,2.11247988359989e-05,2.6342145427996e-05,83345.1824992999,111062.25993135,0.433810542571656,0.441668796288741,45901.6578968834,46935.0867225138
"94","A2707","V",150,FALSE,"gompertz.exp",FALSE,FALSE,100,NA,NA,NA,NA,NA,NA,NA,NA,NA,NA,NA,NA,NA,NA,NA,NA,NA,NA,NA,3.09316764868856e-06,-3722.03753293905,0.0356868487072642,1500.8908955633,NA,NA,NA,NA,NA,NA,NA,NA,NA,NA,NA,NA,NA,NA,NA,NA,NA,NA,NA,NA,NA,NA,NA,NA
"95","A2733","V",100,FALSE,"gompertz.exp",FALSE,FALSE,100,NA,NA,NA,NA,NA,NA,NA,NA,NA,NA,NA,NA,NA,NA,NA,NA,NA,NA,NA,1.54216222392217e-06,-165.785295457223,0.00208095122429071,13.2147749280684,NA,NA,NA,NA,NA,NA,NA,NA,NA,NA,NA,NA,NA,NA,NA,NA,NA,NA,NA,NA,NA,NA,NA,NA
"96","NEG","V",100,TRUE,"gompertz.exp",FALSE,FALSE,100,NA,NA,NA,NA,NA,NA,NA,NA,NA,NA,NA,NA,NA,NA,NA,NA,NA,NA,NA,0,NA,0,0,NA,NA,NA,NA,NA,NA,NA,NA,NA,NA,NA,NA,NA,NA,NA,NA,NA,NA,NA,NA,NA,NA,NA,NA
