"","TestId","AddId","concentration","reliability","used.model","log.x","log.y","nboot.gc","mu.model","lambda.model","A.model","integral.model","stdmu.model","stdlambda.model","stdA.model","ci90.mu.model.lo","ci90.mu.model.up","ci90.lambda.model.lo","ci90.lambda.model.up","ci90.A.model.lo","ci90.A.model.up","ci95.mu.model.lo","ci95.mu.model.up","ci95.lambda.model.lo","ci95.lambda.model.up","ci95.A.model.lo","ci95.A.model.up","mu.spline","lambda.spline","A.spline","integral.spline","mu.bt","lambda.bt","A.bt","integral.bt","stdmu.bt","stdlambda.bt","stdA.bt","stdintegral.bt","ci90.mu.bt.lo","ci90.mu.bt.up","ci90.lambda.bt.lo","ci90.lambda.bt.up","ci90.A.bt.lo","ci90.A.bt.up","ci90.integral.bt.lo","ci90.integral.bt.up","ci95.mu.bt.lo","ci95.mu.bt.up","ci95.lambda.bt.lo","ci95.lambda.bt.up","ci95.A.bt.lo","ci95.A.bt.up","ci95.integral.bt.lo","ci95.integral.bt.up"
"1","NEG","III",0,TRUE,"gompertz.exp",FALSE,FALSE,100,NA,NA,NA,NA,NA,NA,NA,NA,NA,NA,NA,NA,NA,NA,NA,NA,NA,NA,NA,0,NA,0,0,NA,NA,NA,NA,NA,NA,NA,NA,NA,NA,NA,NA,NA,NA,NA,NA,NA,NA,NA,NA,NA,NA,NA,NA
"2","NEG","III",1,TRUE,"gompertz.exp",FALSE,FALSE,100,NA,NA,NA,NA,NA,NA,NA,NA,NA,NA,NA,NA,NA,NA,NA,NA,NA,NA,NA,0,NA,0,0,NA,NA,NA,NA,NA,NA,NA,NA,NA,NA,NA,NA,NA,NA,NA,NA,NA,NA,NA,NA,NA,NA,NA,NA
"3","NEG","III",3,TRUE,"gompertz.exp",FALSE,FALSE,100,NA,NA,NA,NA,NA,NA,NA,NA,NA,NA,NA,NA,NA,NA,NA,NA,NA,NA,NA,0,NA,0,0,NA,NA,NA,NA,NA,NA,NA,NA,NA,NA,NA,NA,NA,NA,NA,NA,NA,NA,NA,NA,NA,NA,NA,NA
"4","NEG","III",5,TRUE,"gompertz.exp",FALSE,FALSE,100,NA,NA,NA,NA,NA,NA,NA,NA,NA,NA,NA,NA,NA,NA,NA,NA,NA,NA,NA,0,NA,0,0,NA,NA,NA,NA,NA,NA,NA,NA,NA,NA,NA,NA,NA,NA,NA,NA,NA,NA,NA,NA,NA,NA,NA,NA
"5","NEG","III",7,TRUE,"gompertz.exp",FALSE,FALSE,100,NA,NA,NA,NA,NA,NA,NA,NA,NA,NA,NA,NA,NA,NA,NA,NA,NA,NA,NA,0,NA,0,0,NA,NA,NA,NA,NA,NA,NA,NA,NA,NA,NA,NA,NA,NA,NA,NA,NA,NA,NA,NA,NA,NA,NA,NA
"6","NEG","III",10,TRUE,"gompertz.exp",FALSE,FALSE,100,NA,NA,NA,NA,NA,NA,NA,NA,NA,NA,NA,NA,NA,NA,NA,NA,NA,NA,NA,0,NA,0,0,NA,NA,NA,NA,NA,NA,NA,NA,NA,NA,NA,NA,NA,NA,NA,NA,NA,NA,NA,NA,NA,NA,NA,NA
"7","NEG","III",14,TRUE,"gompertz.exp",FALSE,FALSE,100,NA,NA,NA,NA,NA,NA,NA,NA,NA,NA,NA,NA,NA,NA,NA,NA,NA,NA,NA,0,NA,0,0,NA,NA,NA,NA,NA,NA,NA,NA,NA,NA,NA,NA,NA,NA,NA,NA,NA,NA,NA,NA,NA,NA,NA,NA
"8","NEG","III",20,TRUE,"gompertz.exp",FALSE,FALSE,100,NA,NA,NA,NA,NA,NA,NA,NA,NA,NA,NA,NA,NA,NA,NA,NA,NA,NA,NA,0,NA,0,0,NA,NA,NA,NA,NA,NA,NA,NA,NA,NA,NA,NA,NA,NA,NA,NA,NA,NA,NA,NA,NA,NA,NA,NA
"9","NEG","III",25,TRUE,"gompertz.exp",FALSE,FALSE,100,NA,NA,NA,NA,NA,NA,NA,NA,NA,NA,NA,NA,NA,NA,NA,NA,NA,NA,NA,0,NA,0,0,NA,NA,NA,NA,NA,NA,NA,NA,NA,NA,NA,NA,NA,NA,NA,NA,NA,NA,NA,NA,NA,NA,NA,NA
"10","I2716","III",0,TRUE,"gompertz.exp",FALSE,FALSE,100,NA,NA,NA,NA,NA,NA,NA,NA,NA,NA,NA,NA,NA,NA,NA,NA,NA,NA,NA,2.26310944877949e-05,29894.6317197976,0.25944297570846,15907.7191026574,2.23413473601832e-05,34834.2605405372,0.259497740685831,15841.088305346,2.60004078653492e-06,3453.88364335682,0.00210516620880968,128.282244219786,1.80642802663333e-05,2.66184144540332e-05,29152.6219472152,40515.8991338591,0.256034742272339,0.262960739099322,15630.0640136045,16052.1125970876,1.72452674185748e-05,2.74374273017917e-05,28064.6485995578,41603.8724815165,0.255371614916564,0.263623866455097,15589.6551066753,16092.5215040168
"11","I2716","III",0,TRUE,"gompertz.exp",FALSE,FALSE,100,NA,NA,NA,NA,NA,NA,NA,NA,NA,NA,NA,NA,NA,NA,NA,NA,NA,NA,NA,2.06868677241673e-05,28248.9658006624,0.264350529551144,18798.2544472784,2.10194492436257e-05,37232.0978830848,0.264574498629929,18708.7552839408,2.10486249644421e-06,26986.9748708886,0.00244335220006738,131.219583757011,1.75569504369749e-05,2.44819480502764e-05,-7161.47577952703,81625.6715456966,0.260555184260818,0.26859381299904,18492.8990686605,18924.6114992211,1.6893918750595e-05,2.51449797366563e-05,-15662.372863857,90126.5686300265,0.259785528317797,0.269363468942061,18451.564899777,18965.9456681045
"12","I2716","III",0,TRUE,"gompertz.exp",FALSE,FALSE,100,NA,NA,NA,NA,NA,NA,NA,NA,NA,NA,NA,NA,NA,NA,NA,NA,NA,NA,NA,2.14774989994421e-05,27954.3177443181,0.237170662020861,12489.0933172018,2.32328910640712e-05,32426.3319554142,0.236848401056193,12448.8145255511,5.01484650758532e-06,3620.06988518042,0.00160976379132984,46.2350314625415,1.49834685590933e-05,3.1482313569049e-05,26471.3169942924,38381.346916536,0.234200339619455,0.23949646249293,12372.7578987952,12524.871152307,1.34037919092039e-05,3.30619902189384e-05,25330.9949804606,39521.6689303678,0.233693264025186,0.240003538087199,12358.1938638845,12539.4351872177
"13","I2748","III",0,TRUE,"richards",FALSE,FALSE,100,1.92894661756971e-05,886.01311900368,0.892432394658025,206182.21620912,3.48299633201591e-07,325.001145359922,0.00140296320632726,1.87165132790804e-05,1.98624190723137e-05,351.386234886607,1420.64000312075,0.890124520183616,0.894740269132433,1.86067988946219e-05,1.99721334567722e-05,249.010874098232,1523.01536390913,0.889682586773623,0.895182202542426,8.09722708491926e-05,-711.133387092383,0.918496123039058,206222.009611965,8.07776066122727e-05,87942.6224091468,0.916335930662328,205734.461488747,6.52808188901709e-05,114139.468427715,0.00569081038350757,772.419014477871,-2.66093404620585e-05,0.000188164553686604,-99816.8031544451,275702.047972739,0.906974547581458,0.925697313743198,204463.832209931,207005.090767563,-4.71727984124624e-05,0.000208728011637008,-135770.735709175,311655.980527469,0.905181942310653,0.927489919014002,204220.520220371,207248.402757124
"14","I2748","III",1,TRUE,"gompertz",FALSE,FALSE,100,1.87227160563163e-05,8622.93206699249,0.9628195190383,213454.621556476,4.47901949621129e-07,664.006890713216,0.00303446442143543,1.79859173491895e-05,1.94595147634431e-05,7530.64073176925,9715.22340221573,0.957827825065038,0.967811213011561,1.78448282350589e-05,1.96006038775737e-05,7321.47856119459,9924.3855727904,0.956871968772286,0.968767069304313,4.25028265170445e-05,18444.9169194898,1.02281105168683,213164.128736409,4.17780369629105e-05,7012.99610014397,1.02374487091857,212801.343559572,3.42332691165274e-06,7517.64906285658,0.00273996779699423,682.703164254791,3.61466641932417e-05,4.74094097325793e-05,-5353.5366082551,19379.528808543,1.01923762389252,1.02825211794463,211678.296854373,213924.390264771,3.50683162160711e-05,4.84877577097499e-05,-7721.59606305492,21747.5882633429,1.01837453403646,1.02911520780068,211463.245357632,214139.441761511
"15","I2748","III",3,TRUE,"logistic",FALSE,FALSE,100,1.94687851548385e-05,41850.6732903336,0.776171568291592,153995.799916409,3.40085372650545e-07,397.202848139876,0.00153916824811372,1.89093447168284e-05,2.00282255928487e-05,41197.2746051435,42504.0719755236,0.773639636523445,0.778703500059739,1.88022178244435e-05,2.01353524852336e-05,41072.1557079794,42629.1908726877,0.773154798525289,0.779188338057895,3.12154714006885e-05,48200.2297290234,0.792419080875845,154862.825872554,3.14139805458302e-05,41353.8193543712,0.793904653954587,154250.965807083,1.36517425245477e-06,10129.773606128,0.00108374241185262,823.378525692865,2.91682689005421e-05,3.36596921911183e-05,24690.3417722906,58017.2969364517,0.792121897687089,0.795687410222085,152896.508132318,155605.423481848,2.87382390110188e-05,3.40897220806415e-05,21499.4630863603,61208.175622382,0.791780518827356,0.796028789081818,152637.143896725,155864.787717441
"16","I2748","III",5,TRUE,"richards",FALSE,FALSE,100,1.1458237176131e-05,77005.0030731738,0.722070395272821,115955.10843577,2.41661937469722e-07,992.928632176798,0.001750017927302,1.10607032889933e-05,1.18557710632686e-05,75371.635473243,78638.3706731046,0.719191615782409,0.724949174763233,1.09845797786903e-05,1.19318945735716e-05,75058.8629541073,78951.1431922403,0.718640360135309,0.725500430410333,2.45855065171007e-05,97597.3863709181,0.737962485891344,116528.467101963,2.34544183208106e-05,96327.2360013978,0.73746859187504,116083.401772098,1.5255953709426e-06,12872.6908051708,0.00136402840245213,714.644431666659,2.09448139356101e-05,2.59640227060112e-05,75151.6596268918,117502.812375904,0.735224765153006,0.739712418597074,114907.811682007,117258.99186219,2.04642513937632e-05,2.64445852478581e-05,71096.762023263,121557.709979533,0.734795096206234,0.740142087543846,114682.698686032,117484.104858165
"17","I2748","III",7,TRUE,"richards",FALSE,FALSE,100,1.32685834862541e-05,130041.831364159,0.772053115503627,81786.5695353799,5.17229416867392e-07,1570.36946804087,0.00571314278789259,1.24177410955073e-05,1.4119425877001e-05,127458.573589232,132625.089139086,0.762654995617544,0.781451235389711,1.2254813829194e-05,1.42823531433142e-05,126963.907206799,133119.755521519,0.760855355639358,0.783250875367897,3.35146162982961e-05,143911.356033937,0.805778640448834,85930.9434548643,3.01507217056148e-05,144778.499315449,0.805436053114921,85452.3906006933,7.31597371236468e-06,11476.5318964985,0.000971190582710743,770.369316740209,1.81159449487749e-05,4.21854984624547e-05,125899.604345709,163657.394285189,0.803838444606361,0.80703366162348,84185.1330746557,86719.648126731,1.581141322938e-05,4.44900301818496e-05,122284.496798312,167272.501832586,0.803532519572807,0.807339586657034,83942.4667398825,86962.3144615042
"18","I2748","III",10,TRUE,"logistic",FALSE,FALSE,100,1.54186215936671e-05,197371.718176656,0.700395768591268,28332.1460763603,6.85520024818193e-07,1057.41035513077,0.0166190302018527,1.42909411528412e-05,1.65463020344931e-05,195632.278142465,199111.158210846,0.67305746390922,0.727734073273316,1.40750023450235e-05,1.67622408423108e-05,195299.193880599,199444.242472712,0.667822469395637,0.7329690677869,2.59007982506615e-05,206157.154513885,0.674387080875983,37194.0280324081,2.60616724629247e-05,214603.182971914,0.673034323978573,36767.9874971075,9.88304852313859e-07,6811.79197256303,0.00253705887980072,647.152936539362,2.44359109808684e-05,2.7687433944981e-05,203397.785177048,225808.58076678,0.668860862121301,0.677207785835845,35703.4209165003,37832.5540777148,2.41245949523895e-05,2.79987499734599e-05,201252.07070569,227954.295238137,0.668061688574164,0.678006959382983,35499.5677414904,38036.4072527247
"19","I2748","III",14,FALSE,"gompertz",FALSE,FALSE,100,1.27429770668125e-06,-20470.5458020327,0.0492931059450053,12437.7048188951,7.07652589551537e-08,1680.48936554348,0.000128954416626362,1.15788885570002e-06,1.39070655766248e-06,-23234.9508083517,-17706.1407957137,0.0490809759296549,0.0495052359603557,1.13559779912915e-06,1.41299761423335e-06,-23764.3049584979,-17176.7866455675,0.0490403552884176,0.049545856601593,1.01012336365759e-06,-25624.9516840548,0.0511043841061613,12439.1988341476,NA,NA,NA,NA,NA,NA,NA,NA,NA,NA,NA,NA,NA,NA,NA,NA,NA,NA,NA,NA,NA,NA,NA,NA
"20","I2748","III",20,FALSE,"logistic",FALSE,FALSE,100,1.03041072059838e-06,-23638.3878614625,0.0490778863711642,12361.0968536877,8.92010421736936e-08,3004.76521062112,0.000209129420081954,8.8367500622265e-07,1.1771464349741e-06,-28581.2266329342,-18695.5490899907,0.0487338684751294,0.0494219042671991,8.55576677937937e-07,1.20524476325882e-06,-29527.7276742799,-17749.0480486451,0.0486679927078036,0.0494877800345249,2.4488018445277e-06,-9256.37145729568,0.0567381463241694,12364.8544423494,NA,NA,NA,NA,NA,NA,NA,NA,NA,NA,NA,NA,NA,NA,NA,NA,NA,NA,NA,NA,NA,NA,NA,NA
"21","I2748","III",25,FALSE,"logistic",FALSE,FALSE,100,3.00729553033389e-07,-128903.647049936,0.0955498719995395,18443.6997055521,2.9222198549955e-08,18387.2347655203,0.00364591967225882,2.52659036418713e-07,3.48800069648065e-07,-159150.648239217,-98656.6458606556,0.0895523341386738,0.101547409860405,2.43454043875477e-07,3.580050621913e-07,-164942.627190356,-92864.6669095167,0.0884038694419123,0.102695874557167,2.56939044941691e-06,177531.627293401,0.107405422637468,18472.1020805462,NA,NA,NA,NA,NA,NA,NA,NA,NA,NA,NA,NA,NA,NA,NA,NA,NA,NA,NA,NA,NA,NA,NA,NA
"22","I2716","III",1,TRUE,"logistic",FALSE,FALSE,100,5.31615463737895e-06,5538.79269450559,0.0433289600777736,10857.2363820766,1.12402310903827e-05,9896.93518576817,0.00387215454493917,-1.31740255063005e-05,2.38063347810584e-05,-10741.665686083,21819.2510750942,0.0369592658513487,0.0496986543041986,-1.67146982997711e-05,2.7347007574529e-05,-13859.2002696,24936.7856586112,0.0357395371696929,0.0509183829858544,1.99432222679465e-05,32045.1108969287,0.225458031102589,10880.7347447859,1.96460854204693e-05,37403.3028122534,0.226841398525696,10878.4357243483,2.00323917907367e-06,3300.69386745545,0.00176155574688231,56.0814667796629,1.63507569708931e-05,2.29414138700455e-05,31973.6614002891,42832.9442242176,0.223943639322074,0.229739157729317,10786.1817114958,10970.6897372009,1.57197366294849e-05,2.35724342114537e-05,30933.9428320407,43872.662792466,0.223388749261807,0.230294047789585,10768.5160494602,10988.3553992365
"23","I2716","III",1,TRUE,"logistic",FALSE,FALSE,100,4.80286852667473e-06,4945.95283839467,0.0597417411013079,14871.3185801124,6.92253567811536e-06,10293.6963833474,0.00446964532066523,-6.58470266382503e-06,1.61904397171745e-05,-11987.1777122118,21879.0833890012,0.0523891745488136,0.0670943076538022,-8.76530140243137e-06,1.83710384557808e-05,-15229.6920729663,25121.5977497556,0.050981236272804,0.0685022459298117,2.84334128269244e-05,33296.711907122,0.276477254414442,14888.92855592,2.71059984650037e-05,37612.8723441229,0.276606233555004,14877.6342779246,5.00839008935068e-06,3054.1534839908,0.00158370836140629,76.041119310135,1.88671967680218e-05,3.53448001619856e-05,32588.7898629581,42636.9548252878,0.274001033300491,0.279211433809517,14752.5466366594,15002.7219191897,1.72895538898764e-05,3.6922443040131e-05,31626.731515501,43599.0131727449,0.273502165166648,0.27971030194336,14728.5936840767,15026.6748717724
"24","I2716","III",1,TRUE,"logistic",FALSE,FALSE,100,4.99770356566482e-06,4206.78131705538,0.0584301974586158,14611.2906605448,7.57307283227123e-06,10170.7579855446,0.00445899759987237,-7.46000124342136e-06,1.7455408374751e-05,-12524.1155691655,20937.6782032763,0.0510951464068258,0.0657652485104059,-9.84551918558679e-06,1.98409263169164e-05,-15727.9043346121,24141.4669687229,0.049690562162866,0.0671698327543657,2.27866153305556e-05,31026.2575667723,0.283093426475711,14631.4303236476,2.44259069568834e-05,36687.0117181003,0.282732893330686,14607.511896627,4.45858197443821e-06,4330.57446242393,0.0042714821674007,87.9574779559933,1.70915396089325e-05,3.17602743048342e-05,29563.2167274129,43810.8067087877,0.275706305165311,0.28975948149606,14462.8218453894,14752.2019478647,1.56870862869845e-05,3.31647276267823e-05,28199.0857717494,45174.9376644512,0.27436078828258,0.291104998378791,14435.1152398333,14779.9085534208
"25","I2748","III",0,TRUE,"gompertz",FALSE,FALSE,100,2.08095617406844e-05,1365.2262575585,0.847898652019283,199256.917980354,4.05111599176314e-07,434.219642321057,0.00177120803757137,2.01431531600394e-05,2.14759703213295e-05,650.934945940357,2079.51756917663,0.844985014797478,0.850812289241088,2.00155430062989e-05,2.160358047507e-05,514.155758609224,2216.29675650777,0.844427084265643,0.851370219772922,2.64858974700717e-05,6393.2933458132,0.880921946278775,199298.781598002,7.72388965658487e-05,224849.902384457,0.88091753861314,198761.879332035,5.07219982584957e-05,66582.9992403069,0.000626617400710848,781.475235274123,-6.19879056937675e-06,0.000160676583701074,115320.868634152,334378.936134761,0.879886752988971,0.88194832423731,197476.352570009,200047.406094061,-2.21762200208029e-05,0.0001766540131525,94347.2238734551,355352.580895458,0.879689368507747,0.882145708718533,197230.187870898,200293.570793172
"26","I2748","III",1,TRUE,"gompertz",FALSE,FALSE,100,1.98328667599019e-05,9039.49749428623,0.940308911613118,210278.105336791,4.77601618475332e-07,617.743354154542,0.00282329482965956,1.904721209751e-05,2.06185214222938e-05,8023.30967670201,10055.6853118705,0.935664591618328,0.944953231607908,1.88967675876903e-05,2.07689659321136e-05,7828.72052014333,10250.2744684291,0.934775253746986,0.945842569479251,4.34247629422788e-05,18163.4602344503,0.99123839077074,210072.601960997,4.27442388192838e-05,6501.44676859883,0.99097511279488,209548.266768067,4.83516994275163e-06,5780.42206441684,0.00227748265578662,845.612476344565,3.47903842634574e-05,5.06980933751102e-05,-3007.34752736688,16010.2410645645,0.987228653826111,0.994721571763649,208157.23424448,210939.299291654,3.32673057314906e-05,5.2221171907077e-05,-4828.18047765818,17831.0740148558,0.986511246789538,0.995438978800221,207890.866314432,211205.667221702
"27","I2748","III",3,TRUE,"logistic",FALSE,FALSE,100,2.04975253417118e-05,28565.2018622971,0.788410226676658,167415.301015701,3.52837987980426e-07,377.957048460228,0.00144685592230867,1.9917106851484e-05,2.10779438319396e-05,27943.46251758,29186.9412070142,0.78603014868446,0.790790304668856,1.98059628852702e-05,2.11890877981534e-05,27824.4060473151,29305.9976772791,0.785574389068933,0.791246064284383,4.02708000954467e-05,36620.605972224,0.806073208174233,167832.794749465,3.96554100921636e-05,32346.0949617144,0.806327363695857,167237.616273829,2.51332122419865e-06,8327.90535514481,0.000640906871856974,842.842986782011,3.55209966783568e-05,4.37898235059704e-05,18646.6906525012,46045.4992709277,0.805273071891652,0.807381655500062,165851.139560573,168624.092987086,3.47293004927342e-05,4.45815196915929e-05,16023.4004656306,48668.7894577983,0.805071186227017,0.807583541164697,165585.644019737,168889.588527922
"28","I2748","III",5,TRUE,"richards",FALSE,FALSE,100,1.2740379302557e-05,70810.164746474,0.754420356202896,125189.943505481,2.63362663599262e-07,878.79019030621,0.00191779518258647,1.23071477209362e-05,1.31736108841778e-05,69364.5548834203,72255.7746095277,0.751265583127541,0.757575129278251,1.22241884819024e-05,1.32565701232116e-05,69087.7359734738,72532.5935194741,0.750661477645026,0.758179234760765,1.85659189710909e-05,81376.1056222534,0.775750003411397,125978.279450396,1.90382089614552e-05,78741.9884892996,0.776195000188997,125560.553984205,3.12530135868936e-06,17813.8337153394,0.000990844473752385,750.554587975,1.38970882264112e-05,2.41793296964992e-05,49438.2320275663,108045.744951033,0.774565061029674,0.77782493934832,124325.891686986,126795.216281424,1.2912618298424e-05,2.51637996244863e-05,43826.8744072344,113657.102571365,0.774252945020442,0.778137055357552,124089.466991774,127031.640976636
"29","I2748","III",7,TRUE,"richards",FALSE,FALSE,100,1.42180653738076e-05,132963.530389163,0.70800301712356,75513.5358184642,5.07810405553371e-07,1239.10345030258,0.00412768726846747,1.33827172566723e-05,1.50534134909429e-05,130925.205213416,135001.855564911,0.701212971566931,0.714793062680188,1.3222756978923e-05,1.52133737686922e-05,130534.88762657,135392.173151756,0.699912750077363,0.716093284169756,2.3669542201931e-05,140309.133004372,0.729326218819633,79171.5436511946,2.41871951586928e-05,142742.565470144,0.729060515442674,78691.5414669603,2.86361698784889e-06,12406.8545589508,0.000797881822980974,668.534492243552,1.94765452136814e-05,2.88978451037042e-05,122333.28972067,163151.841219618,0.72774799984387,0.730373031041478,77591.8022272197,79791.280706701,1.8574505862509e-05,2.97998844548766e-05,118425.130534601,167060.000405688,0.727496667069631,0.730624363815717,77381.213862163,80001.8690717577
"30","I2748","III",10,TRUE,"richards",FALSE,FALSE,100,1.6930158163737e-05,201670.667770219,0.657371211144969,31013.2060093594,1.58332445516632e-06,2806.35878412946,0.0125674827412275,1.43255894349884e-05,1.95347268924856e-05,197054.207570326,206287.127970112,0.63669770203565,0.678044720254288,1.3826842231611e-05,2.0033474095863e-05,196170.204553325,207171.130987113,0.632738944972163,0.682003477317775,2.81155209236991e-05,208932.561126544,0.675210112669809,38415.4785494908,2.78168960534978e-05,217788.853572767,0.674452382308247,38061.4643958459,1.98961003574328e-06,6397.35095293886,0.00162843814565367,623.111383892708,2.45439875447001e-05,3.10898045622955e-05,207265.211255183,228312.495890352,0.671773601558647,0.677131163057847,37036.4461693424,39086.4826223494,2.3917260383441e-05,3.17165317235547e-05,205250.045705007,230327.661440527,0.671260643542766,0.677644121073728,36840.1660834162,39282.7627082756
"31","I2748","III",14,FALSE,"logistic",FALSE,FALSE,100,1.26250233972747e-06,-21014.4641459121,0.0508478761189802,12898.0009290096,1.30419586207614e-07,3095.38870287377,0.000221525783762277,1.04796212041594e-06,1.47704255903899e-06,-26106.3785621395,-15922.5497296848,0.0504834662046913,0.0512122860332692,1.00687995076054e-06,1.51812472869439e-06,-27081.4260035447,-14947.5022882795,0.0504136855828062,0.0512820666551543,1.13152984529982e-06,-23827.556155758,0.0548631561365284,12900.9363197847,NA,NA,NA,NA,NA,NA,NA,NA,NA,NA,NA,NA,NA,NA,NA,NA,NA,NA,NA,NA,NA,NA,NA,NA
"32","I2748","III",20,FALSE,"logistic",FALSE,FALSE,100,1.17807984601186e-06,-17211.8760749312,0.0445982784354892,11272.2944681261,1.18173872408772e-07,2677.38379869534,0.000213084480352367,9.83683825899427e-07,1.37247586612429e-06,-21616.1724237851,-12807.5797260774,0.0442477544653096,0.0449488024056689,9.46459056090664e-07,1.40970063593305e-06,-22459.5483203741,-11964.2038294884,0.0441806328539986,0.0450159240169799,1.01232927785068e-06,-21296.0940581771,0.051364480942905,11274.7299755508,NA,NA,NA,NA,NA,NA,NA,NA,NA,NA,NA,NA,NA,NA,NA,NA,NA,NA,NA,NA,NA,NA,NA,NA
"33","I2748","III",25,FALSE,"logistic",FALSE,FALSE,100,8.0416348350256e-07,-41435.4163962648,0.0883788427380122,20644.1918068061,3.65236033243937e-08,3283.2825138088,0.000450141421820901,7.44082156033933e-07,8.64244810971188e-07,-46836.4161314802,-36034.4166610493,0.0876383600991168,0.0891193253769076,7.32577220986749e-07,8.75749746018372e-07,-47870.65012333,-35000.1826691995,0.0874965655512432,0.0892611199247812,2.67186104608552e-06,-11827.558643723,0.0986580814438269,20658.6399023047,NA,NA,NA,NA,NA,NA,NA,NA,NA,NA,NA,NA,NA,NA,NA,NA,NA,NA,NA,NA,NA,NA,NA,NA
"34","I2716","III",3,TRUE,"gompertz.exp",FALSE,FALSE,100,NA,NA,NA,NA,NA,NA,NA,NA,NA,NA,NA,NA,NA,NA,NA,NA,NA,NA,NA,1.67602383207068e-05,31090.7415083189,0.281594146527625,20045.907470178,1.83372620957189e-05,36835.7231887279,0.285969654622181,20015.9645678026,3.18049206146206e-06,5022.36898234449,0.00696003640071097,92.4465271901691,1.31053526546138e-05,2.3569171536824e-05,28573.9262127712,45097.5201646846,0.274520394743012,0.297418914501351,19863.8900305748,20168.0391050304,1.21034976552533e-05,2.45710265361846e-05,26991.8799833327,46679.5663941231,0.272327983276788,0.299611325967575,19834.7693745099,20197.1597610953
"35","I2716","III",3,TRUE,"logistic",FALSE,FALSE,100,5.31087151556468e-06,8224.82974008984,0.0948120426915128,23035.8280414928,4.14084800014911e-06,7981.48144408312,0.00474709207570198,-1.50082344468061e-06,1.212256647581e-05,-4904.70723542688,21354.3667156066,0.0870030762269831,0.102621009156043,-2.80519056472757e-06,1.34269335958569e-05,-7418.87389031307,23868.5333704927,0.0855077422231369,0.104116343159889,1.86634913481827e-05,30355.4628489771,0.315081774509141,23117.4619693235,1.88144991102141e-05,36348.3355300159,0.314706537232901,23077.2011908265,1.07992193293465e-06,4661.57363165676,0.00633142845132516,84.6411852916936,1.70380275305366e-05,2.05909706898916e-05,28680.0469059405,44016.6241540913,0.304291337430471,0.325121737035331,22937.9664410217,23216.4359406314,1.66978521216622e-05,2.09311460987661e-05,27211.6512119686,45485.0198480631,0.302296937468304,0.327116136997499,22911.3044676548,23243.0979139983
"36","I2716","III",3,TRUE,"logistic",FALSE,FALSE,100,4.16111409425846e-06,2762.82766012624,0.065958647371848,16440.986699742,5.71722043057113e-06,12527.1442144119,0.00520853787471477,-5.24371351403105e-06,1.3565941702548e-05,-17844.3245725814,23369.9798928339,0.0573906025679422,0.0745266921757538,-7.04463794966096e-06,1.53668661381779e-05,-21790.3750001212,27316.0303203736,0.055749913137407,0.0761673816062889,2.97997295433037e-05,35219.0619822742,0.289703093734552,16482.2327991816,2.70544331644624e-05,39053.7825771776,0.289430701315465,16461.4867391149,3.31525506307694e-06,3456.8883621846,0.00420420948679875,54.5260360669809,2.16008385857008e-05,3.2508027743224e-05,33367.2012213839,44740.3639329713,0.282514776709681,0.296346625921248,16371.7914097847,16551.1820684451,2.05565332408316e-05,3.35523330880932e-05,32278.2813872958,45829.2837670594,0.281190450721339,0.29767095190959,16354.6157084236,16568.3577698062
"37","I2748","III",0,TRUE,"gompertz",FALSE,FALSE,100,2.24556419485064e-05,4135.38797235668,0.860141539883145,201072.348152072,9.45551641052453e-07,879.321315803826,0.00383260046141012,2.09002094989751e-05,2.40110743980377e-05,2688.90440785939,5581.87153685397,0.853836912124126,0.866446167642165,2.06023607320436e-05,2.43089231649692e-05,2411.91819338118,5858.85775133218,0.852629642978781,0.867653436787509,3.36067876441383e-05,10399.752783636,0.902225368812775,201156.366146484,9.33853481337019e-05,210946.501547458,0.903959472888482,200651.561853233,6.43143251560022e-05,87057.3322427192,0.00127516970432953,715.525002087056,-1.24117167479218e-05,0.000199182413015326,67737.190008185,354155.813086731,0.90186181872486,0.906057127052105,199474.523224799,201828.600481666,-3.26707291720625e-05,0.000219441425439466,40314.1303517284,381578.872743188,0.901460140267997,0.906458805508968,199249.132849142,202053.990857323
"38","I2748","III",1,TRUE,"gompertz",FALSE,FALSE,100,1.71999624353092e-05,7077.34285841891,0.965686245614653,212894.526587054,3.88940318085463e-07,683.634240867604,0.00304164157527547,1.65601556120586e-05,1.78397692585597e-05,5952.7645321917,8201.92118464612,0.960682745223325,0.970689746005981,1.64376394118616e-05,1.79622854587567e-05,5737.41974631841,8417.26597051941,0.959724628127113,0.971647863102193,4.20305167717677e-05,18190.7805382551,1.00752520292473,212518.303038907,4.18015079034256e-05,7549.03578137851,1.00751292139458,211899.024917842,5.21527707517529e-06,7249.53050438353,0.00167714536182569,921.557211688103,3.32223771147622e-05,5.03806386920889e-05,-4376.44189833239,19474.5134610894,1.00475401727438,1.01027182551479,210383.063304615,213414.986531069,3.1579564836082e-05,5.20234509707691e-05,-6660.0440072132,21758.1155699702,1.00422571648541,1.01080012630376,210092.772782933,213705.27705275
"39","I2748","III",3,TRUE,"logistic",FALSE,FALSE,100,1.85603933837502e-05,30539.3123394785,0.741306704873875,155404.767870264,3.43198980024799e-07,421.405406070874,0.00150581580574339,1.79958310616094e-05,1.9124955705891e-05,29846.100446492,31232.5242324651,0.738829637873427,0.743783771874323,1.78877233829016e-05,1.92330633845988e-05,29713.3577435796,31365.2669353775,0.738355305894618,0.744258103853132,4.33277945781817e-05,40252.8804989445,0.757068688266711,155930.115907273,4.08755839978876e-05,32325.1500317796,0.757189311534307,155503.106071134,3.6424320317522e-06,6185.23999497638,0.000653994767377695,668.118204091456,3.48837833056553e-05,4.686738469012e-05,22150.4302400434,42499.8698235157,0.756113490141971,0.758265132926644,154404.051625404,156602.160516865,3.37364172156533e-05,4.80147507801219e-05,20202.0796416259,44448.2204219333,0.755907481790247,0.758471141278368,154193.594391115,156812.617751153
"40","I2748","III",5,TRUE,"richards",FALSE,FALSE,100,1.16179411001216e-05,68799.5667696686,0.747700910603383,123408.210170704,1.83771610468576e-07,721.40429222503,0.00161255928770391,1.13156368009008e-05,1.19202453993424e-05,67612.8567089584,69986.2768303787,0.74504825057511,0.750353570631656,1.12577487436032e-05,1.197813345664e-05,67385.6143569075,70213.5191824296,0.744540294399483,0.750861526807283,1.85041635430631e-05,84093.592877352,0.767107832886131,123936.447277941,1.84122744510573e-05,82515.8571651651,0.767118336658549,123642.41784202,1.13414815613327e-06,29878.358884414,0.00167521186245643,548.143782531096,1.65466007342181e-05,2.02779481678966e-05,33365.956800304,131665.757530026,0.764362613144808,0.76987406017229,122740.721319757,124544.114364284,1.61893440650361e-05,2.06352048370785e-05,23954.2737517136,141077.440578617,0.763834921408134,0.770401751908964,122568.056028259,124716.779655781
"41","I2748","III",7,TRUE,"richards",FALSE,FALSE,100,1.19212918874665e-05,125977.451307484,0.693872124839002,77696.6769825269,5.35198543889245e-07,1876.87058436931,0.0050552167034747,1.10408902827687e-05,1.28016934921643e-05,122889.999196196,129064.903418771,0.685556293361786,0.702187956316218,1.08723027414436e-05,1.29702810334895e-05,122298.78496212,129656.117652847,0.683963900100191,0.703780349577812,2.82482675589682e-05,138241.172010965,0.718600098602842,81234.554126703,2.81636908979904e-05,134841.95001716,0.719215400161022,80703.6420211497,5.57594206295429e-06,11356.9773226731,0.00104470079481342,811.470917103146,1.89912662044306e-05,3.73361155915502e-05,116159.722321363,153524.177712957,0.717496867353554,0.72093393296849,79368.7723625151,82038.5116797844,1.72348444546e-05,3.90925373413808e-05,112582.274464721,157101.625569599,0.717167786603188,0.721263013718856,79113.1590236276,82294.1250186719
"42","I2748","III",10,TRUE,"richards",FALSE,FALSE,100,1.27311736585214e-05,199078.679042879,0.54388554754846,26985.5400542893,1.48143722030254e-06,3920.8525155823,0.0129065648420873,1.02942094311237e-05,1.51681378859191e-05,192628.876654746,205528.481431011,0.522654248383227,0.565116846713694,9.82755670672843e-06,1.56347906103144e-05,191393.808112337,206763.54997342,0.518588680457969,0.569182414638951,2.36086491768982e-05,207872.340567729,0.571721243654664,33851.7935467083,2.44256413808407e-05,214792.155139915,0.572938143218691,33576.3448975833,3.25689264976749e-06,7256.79015210381,0.00301299962424532,384.733939622216,1.90680529719732e-05,2.97832297897082e-05,202854.735339704,226729.574940126,0.567981758836807,0.577894527600574,32943.4575669048,34209.2322282619,1.80421317872964e-05,3.08091509743849e-05,200568.846441791,229015.463838038,0.56703266395517,0.578843622482211,32822.2663759238,34330.4234192429
"43","I2748","III",14,FALSE,"gompertz",FALSE,FALSE,100,1.37628126606901e-06,-21736.9221551471,0.0521971604561131,13218.1288488478,9.84614710878956e-08,2213.58896481838,0.000158176392556211,1.21431214612942e-06,1.53825038600859e-06,-25378.2760022733,-18095.5683080208,0.0519369602903581,0.0524573606218681,1.18329678273673e-06,1.56926574940128e-06,-26075.5565261911,-17398.2877841031,0.0518871347267029,0.0525071861855233,1.03806883922091e-06,-28513.3996837493,0.0550572673955029,13219.5157859103,NA,NA,NA,NA,NA,NA,NA,NA,NA,NA,NA,NA,NA,NA,NA,NA,NA,NA,NA,NA,NA,NA,NA,NA
"44","I2748","III",20,FALSE,"logistic",FALSE,FALSE,100,1.27842853767013e-06,-19064.7535921977,0.0473108423704064,12020.3843907651,1.52830561959016e-07,3272.49535226487,0.00023155688904172,1.02702226324755e-06,1.52983481209272e-06,-24448.0084466735,-13681.498737722,0.0469299312879328,0.0476917534528801,9.78880636230463e-07,1.57797643910981e-06,-25478.8444826369,-12650.6627017586,0.0468569908678847,0.0477646938729282,9.59703251687901e-07,-26917.6526560792,0.0512214418910383,12023.4234461967,NA,NA,NA,NA,NA,NA,NA,NA,NA,NA,NA,NA,NA,NA,NA,NA,NA,NA,NA,NA,NA,NA,NA,NA
"45","I2748","III",25,FALSE,"logistic",FALSE,FALSE,100,1.17479422092199e-06,-25318.8903445363,0.0563165725050286,14223.2097607577,1.95495749275129e-07,5967.77019076135,0.000428421535816466,8.53203713364403e-07,1.49638472847958e-06,-35135.8723083387,-15501.9083807339,0.0556118190786105,0.0570213259314467,7.91622552342738e-07,1.55796588950124e-06,-37015.7199184286,-13622.060770644,0.0554768662948283,0.0571562787152289,1.47353462059033e-06,-20902.8897448241,0.0686423561698783,14227.7411885425,NA,NA,NA,NA,NA,NA,NA,NA,NA,NA,NA,NA,NA,NA,NA,NA,NA,NA,NA,NA,NA,NA,NA,NA
"46","I2716","III",5,TRUE,"gompertz.exp",FALSE,FALSE,100,NA,NA,NA,NA,NA,NA,NA,NA,NA,NA,NA,NA,NA,NA,NA,NA,NA,NA,NA,4.47563694390828e-05,38666.2585273735,0.470644251871434,32995.8982549773,4.3231840684143e-05,40776.0725757465,0.467804487651589,32912.8798039364,1.39330185168e-05,4811.16393395796,0.00487498686156043,169.052063827812,2.03120252240069e-05,6.6151656144279e-05,32861.7079043856,48690.4372471073,0.459785134264322,0.475823841038856,32634.7891589396,33190.9704489331,1.59231243912149e-05,7.0540556977071e-05,31346.1912651889,50205.953886304,0.45824951340293,0.477359461900247,32581.5377588339,33244.2218490389
"47","I2716","III",5,TRUE,"gompertz.exp",FALSE,FALSE,100,NA,NA,NA,NA,NA,NA,NA,NA,NA,NA,NA,NA,NA,NA,NA,NA,NA,NA,NA,4.3610836034659e-05,38997.4052086692,0.498749175580587,38820.4479039986,4.52970181123314e-05,42335.9367950586,0.499489064074358,38757.3497185337,7.12576323137764e-06,2974.26050277234,0.00443609521772382,149.959451233553,3.35751375967152e-05,5.70188986279476e-05,37443.2782679981,47228.5953221191,0.492191687441203,0.506786440707514,38510.6664212546,39004.0330158129,3.13305221788312e-05,5.92635140458316e-05,36506.3862096248,48165.4873804924,0.49079431744762,0.508183810701097,38463.429194116,39051.2702429515
"48","I2716","III",5,TRUE,"gompertz.exp",FALSE,FALSE,100,NA,NA,NA,NA,NA,NA,NA,NA,NA,NA,NA,NA,NA,NA,NA,NA,NA,NA,NA,2.29325717196224e-05,34601.8006987925,0.322812840893363,15926.9103129591,2.26910902892663e-05,40532.7761914992,0.322908072845629,15929.1035649673,1.85565932940241e-06,4028.33201136093,0.00474686939796957,43.7532774325658,1.96385306923994e-05,2.57436498861333e-05,33906.1700328104,47159.3823501879,0.315099472685969,0.330716673005289,15857.1294235907,16001.0777063439,1.90539980036376e-05,2.63281825748951e-05,32637.2454492317,48428.3069337666,0.313604208825609,0.332211936865649,15843.3471411995,16014.8599887351
"49","I2746","III",0,TRUE,"logistic",FALSE,FALSE,100,9.00393752275591e-06,9877.64282309473,0.145114979707863,35150.6592748825,4.15195589305052e-06,4262.612457645,0.00409799346463678,2.1739700786878e-06,1.5833904966824e-05,2865.6453302687,16889.6403159208,0.138373780458536,0.151856178957191,8.66103972376884e-07,1.71417710731349e-05,1522.92240611052,18232.3632400789,0.137082912517175,0.153147046898551,3.19962906346392e-05,26906.7794907389,0.327639425856681,35260.7961656572,3.28008671608556e-05,29116.255422007,0.327815962582699,35208.0312150755,6.46800634764034e-06,2649.66181332509,0.00171709371207767,97.8104555817812,2.21609967189873e-05,4.3440737602724e-05,24757.5617390872,33474.9491049267,0.324991343426331,0.330640581739066,35047.1330156435,35368.9294145076,2.01235747194806e-05,4.54781596022307e-05,23922.9182678898,34309.5925761241,0.324450458907026,0.331181466258371,35016.3227221352,35399.7397080158
"50","I2746","III",1,TRUE,"logistic",FALSE,FALSE,100,5.9710904734118e-06,5776.40555263857,0.0683365455658828,16992.5138484901,8.64533656383226e-06,9511.03818166442,0.00498271164957126,-8.25048817409227e-06,2.01926691209159e-05,-9869.2522561994,21422.0633614765,0.060139984902338,0.0765331062294275,-1.09737691916994e-05,2.2915950138523e-05,-12865.2292834237,24418.0403887008,0.0585704307327231,0.0781026603990424,2.79940503077032e-05,29444.0761639953,0.316631048301916,17029.9497026397,2.693027915626e-05,33687.0251268202,0.316703295674029,17016.586647689,2.82612721314198e-06,3983.12570765605,0.00272532683961744,52.8409352024772,2.22812998906414e-05,3.15792584218786e-05,27134.783337726,40239.2669159144,0.312220133022858,0.321186458325199,16929.6633092809,17103.5099860971,2.13910698185017e-05,3.24694884940183e-05,25880.0987398143,41493.951513826,0.311361655068379,0.322044936279679,16913.0184146922,17120.1548806859
"51","I2746","III",3,TRUE,"logistic",FALSE,FALSE,100,4.7984480272934e-06,6747.14919955177,0.0857778718696321,20963.4321305871,4.45833416512367e-06,9525.44882521423,0.00507786004155261,-2.53551167433504e-06,1.21324077289218e-05,-8922.21411792563,22416.5125170292,0.077424792101278,0.0941309516379861,-3.939886936349e-06,1.35367829909358e-05,-11922.7304978681,25417.0288969716,0.0758252661881889,0.0957304775510752,2.29189420840093e-05,33882.0519837127,0.345825723019445,21027.2992803857,2.34110887223706e-05,41410.3258265928,0.344802999457215,20983.4976819721,1.98744236595065e-06,3862.71058628903,0.00237556315118563,95.1268967704,2.01417460303818e-05,2.66804314143594e-05,35056.1669121474,47764.4847410383,0.340895198073514,0.348710800840915,20827.0139367847,21139.9814271594,1.95157016851073e-05,2.73064757596338e-05,33839.4130774663,48981.2385757193,0.340146895680891,0.349459103233538,20797.0489643021,21169.946399642
"52","I2746","III",5,TRUE,"logistic",FALSE,FALSE,100,5.00397095824126e-06,16097.7804341123,0.0850038087685206,20027.2963233257,5.41348349005066e-06,10539.6622755029,0.00589299108205266,-3.90120938289208e-06,1.39091512993746e-05,-1239.96400908988,33435.5248773145,0.075309838438544,0.0946977790984972,-5.60645668225804e-06,1.56143985987406e-05,-4559.95762587328,36755.5184940979,0.0734535462476974,0.0965540712893438,3.14888332498681e-05,40409.9616504572,0.358169763649206,20160.4874792884,3.21985447330399e-05,44053.3527291426,0.360060542213541,20150.6015793829,3.65206376534245e-06,3587.20651854951,0.00711667282990903,91.5763479041633,2.61908998390516e-05,3.82061896270283e-05,38152.3980061286,49954.3074521565,0.348353615408341,0.371767469018741,19999.9584870805,20301.2446716852,2.50404997529687e-05,3.93565897131111e-05,37022.4279527855,51084.2775054996,0.346111863466919,0.374009220960163,19971.1119374907,20330.0912212751
"53","I2746","III",7,TRUE,"logistic",FALSE,FALSE,100,8.84453717228356e-06,30954.3605111559,0.14542639203528,32144.0363771276,4.54692973348281e-06,4847.47827220562,0.00487262922690451,1.36483776070434e-06,1.63242365838628e-05,22980.2587533777,38928.4622689342,0.137410916957022,0.153441867113538,-6.74451053427468e-08,1.77565194499099e-05,21453.3030976329,40455.4179246789,0.135876038750547,0.154976745320013,1.62970405433352e-05,42028.1147648206,0.331091636997001,32472.2470651963,1.80003634573135e-05,46972.3851696744,0.331191141188231,32432.9049824696,2.67539331215735e-06,5113.12282966937,0.0024313419121731,82.9501318094957,1.35993414588146e-05,2.24013854558123e-05,38561.2981148683,55383.4722244806,0.327191583742707,0.335190698633756,32296.452015643,32569.3579492963,1.27565925654851e-05,2.32441343491419e-05,36950.6644235225,56994.1059158264,0.326425711040372,0.335956571336091,32270.322724123,32595.4872408162
"54","I2746","III",10,TRUE,"logistic",FALSE,FALSE,100,4.51319403337579e-06,47036.8836563271,0.118676100625496,23738.0394956192,1.3402799986107e-06,4467.97259572826,0.00313200868035364,2.30843343566119e-06,6.71795463109039e-06,39687.0687363542,54386.6985763001,0.113523946346314,0.123828254904677,1.88624523609882e-06,7.14014283065276e-06,38279.6573686998,55794.1099439545,0.112537363612002,0.124814837638989,1.59895155168783e-05,76816.2203151303,0.252469902362118,24207.6373931463,1.9956883758847e-05,96193.8573894628,0.255428759978292,24154.8233609074,6.0659567270044e-06,44899.5329350743,0.00559991030876099,109.441724292692,9.97838494292481e-06,2.99353825747693e-05,22334.1257112656,170053.58906766,0.24621690752038,0.264640612436204,23974.7917244459,24334.8549973688,8.06760857391842e-06,3.18461589437757e-05,8190.77283671715,184196.941942208,0.244452935773121,0.266404584183464,23940.3175812937,24369.329140521
"55","I2746","III",14,FALSE,"logistic",FALSE,FALSE,100,5.93561064750696e-07,65144.1232119576,0.0676595118560936,9330.52916994038,2.84150114106978e-08,2941.58469957691,0.00113546313891693,5.46818370980098e-07,6.40303758521294e-07,60305.2163811536,69983.0300427616,0.0657916749925752,0.0695273487196119,5.37867642385729e-07,6.49254487115664e-07,59378.6172007869,70909.6292231284,0.0654340041038164,0.0698850196083707,1.89032866947026e-06,169632.535032504,0.076584076351749,9784.97358219927,NA,NA,NA,NA,NA,NA,NA,NA,NA,NA,NA,NA,NA,NA,NA,NA,NA,NA,NA,NA,NA,NA,NA,NA
"56","I2746","III",20,FALSE,"logistic",FALSE,FALSE,100,6.80594984148345e-07,6321.53850017412,0.00342630077511288,843.854918913198,8.55305941427449e-07,3634.75027211859,0.000154876800136578,-7.26383289499808e-07,2.0875732577965e-06,342.374302539035,12300.7026978092,0.00317152843888821,0.00368107311133755,-9.95804661049455e-07,2.35699462934614e-06,-802.57203317832,13445.6490335266,0.00312274224684519,0.00372985930338058,2.33915988830786e-07,23.5342499064031,0.00656174537541171,736.947942114116,NA,NA,NA,NA,NA,NA,NA,NA,NA,NA,NA,NA,NA,NA,NA,NA,NA,NA,NA,NA,NA,NA,NA,NA
"57","I2746","III",25,FALSE,"gompertz",FALSE,FALSE,100,1.33616050301116e-06,-5707.88769953901,0.00928632712480093,2409.93636300063,2.07392232736984e-06,10658.8353649659,0.000155114060186247,-2.07544172551222e-06,4.74776273153454e-06,-23241.6718749079,11825.8964758299,0.00903116449579455,0.00954148975380731,-2.72872725863372e-06,5.40104826465604e-06,-26599.2050148721,15183.4296157941,0.00898230356683589,0.00959035068276597,2.07188887108121e-07,-36385.8070949836,0.013018673851677,2411.29618938382,NA,NA,NA,NA,NA,NA,NA,NA,NA,NA,NA,NA,NA,NA,NA,NA,NA,NA,NA,NA,NA,NA,NA,NA
"58","I2716","III",7,TRUE,"logistic",FALSE,FALSE,100,6.82642523577688e-06,19716.4871444039,0.0968049113903127,22594.2871760644,6.54788674049554e-06,7804.50701868899,0.00543734049859518,-3.94484845233828e-06,1.7597698923892e-05,6878.07309866054,32554.9011901473,0.0878604862701236,0.105749336510502,-6.00743277559438e-06,1.96602832471481e-05,4419.65338777351,35013.3209010344,0.0861477240130661,0.107462098767559,2.55772744223209e-05,37208.0976812399,0.323692247603459,22756.0626393163,2.74494136659445e-05,42075.483027644,0.324012952316048,22723.4840760211,2.70216523599048e-06,3475.38777758167,0.00254169031251517,103.005826996005,2.30043518527402e-05,3.18944754791488e-05,36358.4701335222,47792.4959217659,0.319831871751961,0.328194032880136,22554.0394906127,22892.9286614295,2.21531698034032e-05,3.27456575284858e-05,35263.722983584,48887.2430717041,0.319031239303518,0.328994665328578,22521.5926551089,22925.3754969333
"59","I2716","III",7,TRUE,"gompertz.exp",FALSE,FALSE,100,NA,NA,NA,NA,NA,NA,NA,NA,NA,NA,NA,NA,NA,NA,NA,NA,NA,NA,NA,1.77203234417005e-05,33693.0899080123,0.36117819260835,20489.2632558252,1.8186147477409e-05,46033.2607530496,0.357543847691131,20472.5811442406,3.13995400480602e-06,12750.3794691705,0.00718967746221558,53.1219604218313,1.30209231395031e-05,2.33513718153149e-05,25058.8865262641,67007.634979835,0.345716828265787,0.369370867116476,20385.1955193467,20559.9667691345,1.20318376279892e-05,2.43404573268288e-05,21042.5169934754,71024.0045126238,0.343452079865189,0.371635615517074,20368.4621018138,20576.7001866674
"60","I2716","III",7,TRUE,"logistic",FALSE,FALSE,100,5.52914615338802e-06,16526.1302863399,0.0781405661360021,18489.0201269099,7.62904680085833e-06,11188.8564136905,0.00625671956693133,-7.02063583402393e-06,1.80789281408e-05,-1879.53851418102,34931.7990868608,0.0678482624484,0.0884328698236041,-9.4237855762943e-06,2.04820778830703e-05,-5404.02828449353,38456.2888571733,0.0658773957848167,0.0904037364871875,1.81333402003606e-05,34398.7466116048,0.356806076014493,18622.7581281931,2.17048890232903e-05,43367.9956789439,0.357806357770274,18604.3600240673,3.94242861140225e-06,5379.12488647967,0.00598488436751608,108.075210807037,1.52195939575336e-05,2.8190184089047e-05,34519.3352406848,52216.6561172029,0.34796122298571,0.367651492554838,18426.5763022897,18782.1437458449,1.39777289449419e-05,2.94320491016387e-05,32824.9109014437,53911.080456444,0.346075984409943,0.369536731130606,18392.5326108855,18816.1874372491
"61","I2746","III",0,TRUE,"logistic",FALSE,FALSE,100,9.04567830287046e-06,10086.5451382875,0.157091340584503,37919.03682537,3.42675402911596e-06,3772.57109674765,0.00379565770774026,3.40866792497471e-06,1.46826886807662e-05,3880.66568413764,16292.4245924374,0.150847483655271,0.163335197513736,2.32924040580318e-06,1.57621161999377e-05,2692.30578866213,17480.7844879129,0.149651851477333,0.164530829691674,3.35152633691548e-05,27400.676442463,0.329020607902915,38073.8158277065,3.37668444529224e-05,29403.1490514824,0.328662106167393,37975.7577015069,3.50141338887055e-06,2513.10335001959,0.00135844576923934,159.603607141511,2.80070194282303e-05,3.95266694776144e-05,25269.0940407002,33537.2040622647,0.326427462876994,0.330896749457792,37713.2097677591,38238.3056352547,2.69040742107361e-05,4.06296146951087e-05,24477.466485444,34328.8316175208,0.325999552459684,0.331324659875102,37662.9346315096,38288.5807715043
"62","I2746","III",1,TRUE,"gompertz.exp",FALSE,FALSE,100,NA,NA,NA,NA,NA,NA,NA,NA,NA,NA,NA,NA,NA,NA,NA,NA,NA,NA,NA,2.49364728697743e-05,28971.6465005666,0.303255486227484,17548.7786872225,2.32159496523193e-05,33965.6491116885,0.302845801015493,17520.6022670837,2.34869935557508e-06,2892.37793756325,0.0022001424669947,50.0553115739936,1.93523392123983e-05,2.70795600922403e-05,29207.687404397,38723.6108189801,0.299226566657287,0.3064650353737,17438.2612795445,17602.943254623,1.86124989153921e-05,2.78194003892464e-05,28296.5883540646,39634.7098693125,0.298533521780184,0.307158080250803,17422.4938563987,17618.7106777688
"63","I2746","III",3,TRUE,"logistic",FALSE,FALSE,100,4.97033375856768e-06,7235.60711993731,0.103514190169933,25090.5370452962,3.38478528817492e-06,8131.14185083522,0.00487992468943613,-5.97638040480067e-07,1.05383055576154e-05,-6140.12122468663,20611.3354645612,0.0954867140558102,0.111541666284055,-1.66384540625517e-06,1.16045129233905e-05,-8701.43090769973,23172.6451475743,0.0939495377786378,0.113078842561227,2.5965564234233e-05,35415.0569991586,0.34879814409043,25168.2774090718,2.40158849816018e-05,40900.4382541799,0.34892385036206,25107.8930416127,3.27081008579429e-06,3438.62489027246,0.00271513512264221,102.125224947803,1.86354023904702e-05,2.93963675727334e-05,35243.9003096817,46556.9761986781,0.344457453085314,0.353390247638807,24939.8970465736,25275.8890366518,1.7605097213445e-05,3.04266727497586e-05,34160.7334692459,47640.143039114,0.343602185521681,0.354245515202439,24907.727600715,25308.0584825104
"64","I2746","III",5,TRUE,"gompertz.exp",FALSE,FALSE,100,NA,NA,NA,NA,NA,NA,NA,NA,NA,NA,NA,NA,NA,NA,NA,NA,NA,NA,NA,2.22312490692541e-05,36605.3741141818,0.366897658465751,23511.3108491087,2.37644483999358e-05,42186.1434359665,0.367389205114567,23493.080121437,3.1241641086551e-06,5098.57668929404,0.00259061986986336,52.6769636595446,1.86251984411982e-05,2.89036983586735e-05,33798.9847820778,50573.3020898552,0.363127635428642,0.371650774800492,23406.426516217,23579.7337266569,1.76410867469718e-05,2.98878100528998e-05,32192.9331249502,52179.3537469828,0.362311590169635,0.372466820059499,23389.8332726643,23596.3269702097
"65","I2746","III",7,TRUE,"logistic",FALSE,FALSE,100,1.08017158359506e-05,31834.2665326983,0.181604910254256,39947.2858426611,3.86650531981235e-06,3450.89552115582,0.00429831526948818,4.44131458485929e-06,1.71621170870419e-05,26157.543400397,37510.9896649997,0.174534181635948,0.188675638872564,3.2233654091184e-06,1.83800662627828e-05,25070.5113112329,38598.0217541637,0.173180212326059,0.190029608182453,1.50032054585999e-05,38516.6048191546,0.336344171331144,40386.4123407183,1.65233708776545e-05,42217.4865021668,0.337900584915623,40341.7585296977,1.60432176691701e-06,5651.10559699882,0.00250257182970318,120.847004112006,1.3884261571076e-05,1.9162480184233e-05,32921.4177951037,51513.5552092298,0.333783854255761,0.342017315575485,40142.9652079335,40540.551851462,1.33789002144972e-05,1.96678415408118e-05,31141.3195320491,53293.6534722845,0.332995544129405,0.342805625701841,40104.8984016382,40578.6186577573
"66","I2746","III",10,TRUE,"logistic",FALSE,FALSE,100,5.21282064219517e-06,39163.4461690554,0.117384859286621,24625.6205841304,2.09848832082171e-06,5191.96810404725,0.00375367459196084,1.76080735444346e-06,8.66483392994688e-06,30622.6586378977,47704.2337002131,0.111210064582845,0.123559653990396,1.09978353338462e-06,9.32585775100571e-06,28987.1886851228,49339.703652988,0.110027657086377,0.124742061486864,1.0882556226954e-05,59895.1714001271,0.249660865402486,25103.0344000559,1.18245770579689e-05,71737.7795005334,0.249442789010671,25066.8023629252,2.20617057617055e-06,23505.5155384424,0.000908897625992407,82.3218292610159,8.1954264601683e-06,1.54537276557694e-05,33071.2064397957,110404.352561271,0.247947652415914,0.250937925605429,24931.3829537908,25202.2217720595,7.50048272867457e-06,1.61486713872631e-05,25666.9690451863,117808.58995588,0.247661349663726,0.251224228357616,24905.4515775736,25228.1531482767
"67","I2746","III",14,TRUE,"gompertz",FALSE,FALSE,100,1.07758186869538e-06,75696.720746066,0.0587366192540402,8980.30064979899,1.06486465566823e-07,2847.96043896474,0.00102957672211132,9.0241163283796e-07,1.25275210455281e-06,71011.825823969,80381.615668163,0.0570429655461671,0.0604302729619133,8.6886839618441e-07,1.28629534120636e-06,70114.7182856952,81278.7232064369,0.056718648878702,0.0607545896293784,1.14219399198781e-06,87879.3965227722,0.0711148125416662,9784.14896294407,1.58514773682599e-06,106535.843398431,0.0714035594344634,9763.2228096497,1.28750652531871e-06,26422.652267482,0.00036403802959406,34.9506425550635,-5.3280049732329e-07,3.70309597097527e-06,63070.5804184231,150001.106378439,0.0708047168757811,0.0720024019931456,9705.72900264662,9820.71661665278,-9.38365052798684e-07,4.10866052645066e-06,54747.4449541662,158324.241842696,0.070690044896459,0.0721170739724677,9694.71955024178,9831.72606905763
"68","I2746","III",20,FALSE,"logistic",FALSE,FALSE,100,2.90591657739397e-07,-5686.55089764607,0.00321313712788531,699.547516415875,4.98114630396384e-07,13708.8507333599,0.000149641922024589,-5.28806909262655e-07,1.10999022474145e-06,-28237.6103540232,16864.508558731,0.00296697616615486,0.00345929808961576,-6.85713017837515e-07,1.26689633331631e-06,-32555.8983350315,21182.7965397394,0.00291983896071712,0.00350643529505351,1.62038400406378e-07,-11173.7990173831,0.00552886575521683,610.1477355482,NA,NA,NA,NA,NA,NA,NA,NA,NA,NA,NA,NA,NA,NA,NA,NA,NA,NA,NA,NA,NA,NA,NA,NA
"69","I2746","III",25,FALSE,"gompertz",FALSE,FALSE,100,1.1934441712375e-06,-5740.97097354389,0.01159162490834,2996.40541747912,8.51984403934391e-07,5614.39337437762,0.000172861141324659,-2.0807017323457e-07,2.59495851570958e-06,-14976.6480743951,3494.70612730729,0.0113072683308609,0.0118759814858191,-4.76445260473903e-07,2.86333360294891e-06,-16745.181987324,5263.24004023625,0.0112528170713437,0.0119304327453363,1.06092442732588e-06,-6450.21035954638,0.0162801941606207,2999.76756420206,NA,NA,NA,NA,NA,NA,NA,NA,NA,NA,NA,NA,NA,NA,NA,NA,NA,NA,NA,NA,NA,NA,NA,NA
"70","I2716","III",10,TRUE,"logistic",FALSE,FALSE,100,6.42355394796683e-06,28664.4394698045,0.0927595604727244,20808.2059200831,4.86673692379762e-06,6276.51054902703,0.00424247256416576,-1.58222829168026e-06,1.44293361876139e-05,18339.579616655,38989.299322954,0.0857806931046717,0.0997384278407771,-3.11525042267651e-06,1.59623583186102e-05,16362.4787937115,40966.4001458975,0.0844443142469595,0.101074806698489,1.40847244431661e-05,46187.3127835502,0.302107522278181,21107.2716613299,1.65505730247262e-05,54964.7483714438,0.300810399049889,21056.1462506341,5.68584584893746e-06,8568.96992079638,0.00566987129899782,94.2251728384787,7.19735660322408e-06,2.59037894462283e-05,40868.7928517337,69060.7038911538,0.291483460763037,0.31013733733674,20901.1458413148,21211.1466599534,5.40631516080878e-06,2.76948308886436e-05,38169.5673266829,71759.9294162047,0.289697451303853,0.311923346795924,20871.4649118707,21240.8275893975
"71","I2716","III",10,TRUE,"logistic",FALSE,FALSE,100,5.48343344749379e-06,27416.6367578202,0.0871168899222097,19588.0720675981,5.54380084368897e-06,9212.44156976911,0.0055855503064893,-3.63611894037456e-06,1.46029858353621e-05,12262.1703755501,42571.1031400904,0.0779286596680348,0.0963051201763846,-5.38241620613658e-06,1.63492831011242e-05,9360.25128107278,45473.0222345677,0.0761692113214907,0.0980645685229287,1.16335266890384e-05,43263.6312238185,0.326157491449219,19853.3987414914,1.31633252864669e-05,55483.9148426803,0.327259257191798,19837.499289237,2.41330602810124e-06,10477.6586925371,0.00315342892010483,64.6444656430046,9.19343687024035e-06,1.71332137026934e-05,38248.1662934568,72719.6633919038,0.322071866618225,0.33244664776537,19731.1591432543,19943.8394352198,8.43324547138846e-06,1.78934051015453e-05,34947.7038053076,76020.125880053,0.321078536508392,0.333439977875203,19710.7961365767,19964.2024418973
"72","I2716","III",10,TRUE,"logistic",FALSE,FALSE,100,8.46729690219485e-06,29484.2289222276,0.12869378597599,28714.8073544004,7.59312468555452e-06,7818.04271966452,0.00717808633319478,-4.02339320554234e-06,2.0957987009932e-05,16623.5486483795,42344.9091960757,0.116885833957885,0.140501737994096,-6.41522748149201e-06,2.33498212858817e-05,14160.8651916851,44807.59265277,0.114624736762928,0.142762835189052,1.58552908062925e-05,42991.0833311293,0.414123860774815,29123.0639419643,1.74034690653362e-05,53928.5902105261,0.415000164914912,29058.2285151973,1.22169092342835e-06,6824.93403013031,0.00208539778327491,100.025257882759,1.53937874962965e-05,1.94131506343758e-05,42701.5737309618,65155.6066900905,0.411569685561425,0.418430644268399,28893.6869659802,29222.7700644144,1.50089548554166e-05,1.97979832752557e-05,40551.7195114707,67305.4609095815,0.410912785259693,0.419087544570131,28862.1790097471,29254.2780206475
"73","I2746","III",0,TRUE,"logistic",FALSE,FALSE,100,9.82827095813711e-06,10569.3180080046,0.165373586875888,39884.9140537392,3.70496188635428e-06,3637.68139258361,0.00391587632813763,3.73360865508432e-06,1.59229332611899e-05,4585.33211720461,16553.3038988047,0.158931970316101,0.171815203435674,2.56654566088272e-06,1.70899962553915e-05,3439.46247854077,17699.1735374685,0.157698469272738,0.173048704479038,3.14684916925011e-05,25936.865762593,0.33621650819666,40080.078949412,3.01201083456033e-05,27252.4450740517,0.335179597435427,40024.8388955699,2.99658913822979e-06,2558.05707808609,0.00212023717266366,95.1772995136214,2.51907192132153e-05,3.50494974779913e-05,23044.4411806,31460.4489675033,0.331691807286395,0.338667387584458,39868.27223787,40181.4055532698,2.42467936346729e-05,3.59934230565337e-05,22238.6532010029,32266.2369471004,0.331023932577006,0.339335262293847,39838.2913885232,40211.3864026166
"74","I2746","III",1,TRUE,"logistic",FALSE,FALSE,100,5.98653330894669e-06,6179.34186232031,0.0680130820836399,16888.0395504273,8.2052224473156e-06,8937.9167971912,0.00468598809983371,-7.51105761688747e-06,1.94841242347809e-05,-8523.53126905921,20882.2149936998,0.0603046316594135,0.0757215325078664,-1.00957026877919e-05,2.20687693056853e-05,-11338.9750601744,23697.658784815,0.0588285454079659,0.077197618759314,2.41214718798468e-05,28165.4772446075,0.309277480953674,16922.6462105771,2.39518528605443e-05,33858.383104681,0.309058800981172,16902.4731908721,1.6140957500917e-06,2907.59057823498,0.00237344165596162,44.9542854692727,2.12966653516434e-05,2.66070403694451e-05,29075.3966034845,38641.3696058776,0.305154489457115,0.312963112505229,16828.5233912752,16976.4229904691,2.07882251903645e-05,2.7115480530724e-05,28159.5055713405,39557.2606380216,0.304406855335487,0.313710746626857,16814.3627913523,16990.5835903919
"75","I2746","III",3,TRUE,"gompertz.exp",FALSE,FALSE,100,NA,NA,NA,NA,NA,NA,NA,NA,NA,NA,NA,NA,NA,NA,NA,NA,NA,NA,NA,2.40697314527528e-05,32597.3948463292,0.347338575528055,19817.5740085509,2.51757428946357e-05,39215.3991718762,0.347745599244137,19797.4937382275,2.78033293419657e-06,2884.99485020871,0.00188736019008941,76.194692477612,2.06020952178823e-05,2.97493905713891e-05,34469.5826432829,43961.2157004696,0.34464089173144,0.350850306756834,19672.1534691019,19922.8340073532,1.97262903436104e-05,3.0625195445661e-05,33560.8092654672,44869.9890782853,0.344046373271561,0.351444825216712,19648.1521409714,19946.8353354837
"76","I2746","III",5,TRUE,"logistic",FALSE,FALSE,100,5.41539154237977e-06,11962.7041302011,0.103799299378956,24767.5179256547,4.3305458247271e-06,8786.86031614994,0.00561955068106691,-1.70835633929631e-06,1.25391394240558e-05,-2491.68108986558,26417.0893502677,0.0945551385086011,0.113043460249311,-3.07247827408534e-06,1.39032613588449e-05,-5259.54208945281,29184.950349855,0.092784980044065,0.114813618713847,1.81355128668279e-05,32960.0945294843,0.335607674559253,24946.0931252431,1.88205514677668e-05,37562.9274211782,0.33655760670473,24921.8980529848,1.35318569393595e-06,5339.37794339781,0.00191139633595886,62.6377988877968,1.65945610012422e-05,2.10465419342915e-05,28779.6507042888,46346.2041380676,0.333413359732078,0.339701853677383,24818.8588738144,25024.9372321553,1.61683075076524e-05,2.14727954278813e-05,27097.7466521185,48028.1081902379,0.332811269886251,0.34030394352321,24799.1279671648,25044.6681388049
"77","I2746","III",7,TRUE,"logistic",FALSE,FALSE,100,1.12250005727874e-05,29891.0116309944,0.172759347742318,38460.105138726,4.8100052794501e-06,3782.74081980836,0.00464062362277889,3.31254188809198e-06,1.91374592574828e-05,23668.4029824096,36113.6202795791,0.165125521882847,0.180393173601789,1.7973902250652e-06,2.06526109205096e-05,22476.83962417,37305.1836378188,0.163663725441671,0.181854970042965,2.20599423429199e-05,39366.7380574637,0.339016966033734,38897.7829215911,2.24303046261321e-05,42512.2206337633,0.340115186539374,38849.4547082801,1.92263708002935e-06,4462.46042965004,0.00188129179360155,108.127577253504,1.92675666294838e-05,2.55930426227803e-05,35171.473226989,49852.9680405376,0.337020461538899,0.343209911539848,38671.5848436981,39027.3245728621,1.86619359492745e-05,2.61986733029896e-05,33765.7981916492,51258.6430758774,0.336427854623915,0.343802518454833,38637.5246568632,39061.3847596969
"78","I2746","III",10,TRUE,"logistic",FALSE,FALSE,100,1.05383343840974e-05,45519.5103186093,0.209489021243121,42892.8909340889,3.37692340558364e-06,3649.8320072849,0.00504793739059861,4.98329538191235e-06,1.60933733862825e-05,39515.5366666257,51523.483970593,0.201185164235586,0.217792878250655,3.9195645091535e-06,1.71571042590414e-05,38365.8395843309,52673.1810528877,0.199595063957547,0.219382978528694,1.63240656835604e-05,56574.9895325545,0.382894685086254,43574.1347370061,1.87952915394364e-05,76526.1215062364,0.384325875392627,43515.9614594237,7.20691279133625e-06,47761.8217048227,0.00251228295683947,138.549213966934,6.93991999768831e-06,3.06506630811846e-05,-2042.07519819695,155094.31821067,0.380193169928626,0.388458580856628,43288.0480024481,43743.8749163993,4.66974246841739e-06,3.29208406104555e-05,-17087.0490352161,170139.292047689,0.379401800797221,0.389249949988032,43244.4050000485,43787.5179187989
"79","I2746","III",14,FALSE,"gompertz.exp",FALSE,FALSE,100,NA,NA,NA,NA,NA,NA,NA,NA,NA,NA,NA,NA,NA,NA,NA,NA,NA,NA,NA,1.59795732295522e-06,104611.549421955,0.0927746623079962,12201.9656084338,NA,NA,NA,NA,NA,NA,NA,NA,NA,NA,NA,NA,NA,NA,NA,NA,NA,NA,NA,NA,NA,NA,NA,NA
"80","I2746","III",20,FALSE,"logistic",FALSE,FALSE,100,2.32856199241323e-07,-21.5709098305119,0.00248009474931463,628.471121964427,2.48129762201671e-07,7258.0716744535,0.000127626063829826,-1.75317259580425e-07,6.41029658063072e-07,-11961.0988143065,11917.9569946455,0.00227014987431457,0.0026900396243147,-2.53478134673952e-07,7.19190533156598e-07,-14247.3913917594,14204.2495720983,0.00222994766420818,0.00273024183442109,1.38947433450691e-07,-5859.64174717789,0.0045441172710069,442.211487714482,NA,NA,NA,NA,NA,NA,NA,NA,NA,NA,NA,NA,NA,NA,NA,NA,NA,NA,NA,NA,NA,NA,NA,NA
"81","I2746","III",25,FALSE,"gompertz",FALSE,FALSE,100,1.20266169377394e-06,-6055.60275878036,0.00803946643654242,2087.61326439001,2.81129214893696e-06,16595.7787292391,0.00016207521409948,-3.42191389122736e-06,5.82723727877524e-06,-33355.6587683786,21244.4532508179,0.00777285270934877,0.00830608016373606,-4.30747091814251e-06,6.71279430569038e-06,-38583.3290680889,26472.1235505282,0.00772179901690743,0.0083571338561774,5.92612207474714e-07,-10897.9652483886,0.0120309591326567,2089.47536929186,NA,NA,NA,NA,NA,NA,NA,NA,NA,NA,NA,NA,NA,NA,NA,NA,NA,NA,NA,NA,NA,NA,NA,NA
"82","I2716","III",14,FALSE,"richards",FALSE,FALSE,100,8.89255793609156e-07,42673.3242513857,0.0923269721193718,15551.7921286041,3.74818403346301e-08,2906.50784077969,0.000934962490901543,8.27598166258689e-07,9.50913420959622e-07,37892.1188533031,47454.5296494683,0.0907889588218388,0.0938649854169049,8.15791386553281e-07,9.62720200665031e-07,36976.5688834575,48370.0796193139,0.0904944456372048,0.0941594986015389,3.45609246404903e-06,114969.195960583,0.103444690740118,15619.2214553582,NA,NA,NA,NA,NA,NA,NA,NA,NA,NA,NA,NA,NA,NA,NA,NA,NA,NA,NA,NA,NA,NA,NA,NA
"83","I2716","III",25,FALSE,"logistic",FALSE,FALSE,100,7.50070285000901e-07,-10563.9174210068,0.0117358617239287,3035.27977755435,4.81899467380492e-07,8440.69368599752,0.000132641235181205,-4.26543388400094e-08,1.54279490884181e-06,-24448.8585344727,3321.02369245914,0.0115176668920556,0.0119540565558018,-1.94452671064865e-07,1.69459324106667e-06,-27107.6770455619,5979.84220354836,0.0114758849029735,0.0119958385448839,2.79859135351248e-07,-30121.6730154663,0.0149795314667007,3036.34284866551,NA,NA,NA,NA,NA,NA,NA,NA,NA,NA,NA,NA,NA,NA,NA,NA,NA,NA,NA,NA,NA,NA,NA,NA
"84","I2716","III",14,FALSE,"logistic",FALSE,FALSE,100,8.12988415174135e-07,31079.2151172674,0.072684410777058,13351.6164687457,8.18103589905469e-08,5032.50309056962,0.0014896481626058,6.78410374634685e-07,9.47566455713584e-07,22800.7475332804,39357.6827012545,0.0702339395495715,0.0751348820045446,6.52640111552663e-07,9.73336718795606e-07,21215.509059751,40942.9211747839,0.0697647003783506,0.0756041211757654,1.20868890568446e-05,232135.188086269,0.110074023896753,13610.6666517989,NA,NA,NA,NA,NA,NA,NA,NA,NA,NA,NA,NA,NA,NA,NA,NA,NA,NA,NA,NA,NA,NA,NA,NA
"85","I2716","III",0,TRUE,"logistic",FALSE,FALSE,100,6.50808656565043e-06,5684.39925158331,0.0569529352524072,14245.4457454936,1.06700631499753e-05,8284.13875207341,0.00391699571207739,-1.10441673160589e-05,2.40603404473597e-05,-7943.00899557745,19311.8074987441,0.0505094773060399,0.0633963931987745,-1.44052372083011e-05,2.74214103396019e-05,-10552.5127024806,21921.3112056472,0.0492756236567356,0.0646302468480789,3.54339171637799e-05,30060.3717918497,0.255038081944493,14248.6793732709,3.10250133946342e-05,32849.0859529673,0.256361280601618,14193.2023652831,4.57126355410447e-06,2701.02607267629,0.00207644209726902,89.9405955073525,2.35052848481323e-05,3.8544741941136e-05,28405.8980634148,37292.2738425198,0.252945533351611,0.259777027851626,14045.2500856735,14341.1546448926,2.20653368285894e-05,3.99846899606789e-05,27555.0748505218,38143.0970554128,0.252291454090971,0.260431107112265,14016.9187980886,14369.4859324775
"86","I2716","III",1,TRUE,"gompertz.exp",FALSE,FALSE,100,NA,NA,NA,NA,NA,NA,NA,NA,NA,NA,NA,NA,NA,NA,NA,NA,NA,NA,NA,3.52731296512643e-05,33134.434010013,0.274679047049179,10776.685075919,3.23956718315404e-05,37094.7145054574,0.271647739481689,10768.5827328671,4.1492394289445e-06,2229.71553185216,0.00696087194538303,76.8058053830475,2.55701729709267e-05,3.92211706921541e-05,33426.8324555606,40762.5965553542,0.260197105131534,0.283098373831844,10642.2371830119,10894.9282827222,2.42631625508092e-05,4.05281811122716e-05,32724.4720630272,41464.9569478877,0.258004430468738,0.285291048494639,10618.0433543163,10919.1221114178
"87","I2716","III",3,TRUE,"logistic",FALSE,FALSE,100,3.57228881357958e-06,5568.84707089982,0.0603338507001099,14844.860046736,4.75669264715663e-06,12902.7617532508,0.00492787999534068,-4.25247059099307e-06,1.13970482181522e-05,-15656.1960131978,26793.8901549974,0.0522274881077745,0.0684402132924453,-5.75082877484741e-06,1.28954064020066e-05,-19720.5659654718,30858.2601072714,0.0506752059092422,0.0699924954909777,1.32107722191496e-05,29481.9820247881,0.280233109233236,14880.1975879611,1.39337547296948e-05,38911.7902847444,0.280483887151179,14860.1947404224,1.48739067919324e-06,5446.75597213461,0.00146632615867627,47.6875386459198,1.14869970624219e-05,1.63805123969677e-05,29951.8767105829,47871.7038589058,0.278071780620156,0.282895993682201,14781.7487393498,14938.6407414949,1.1018468998476e-05,1.68490404609135e-05,28236.1485793605,49587.4319901282,0.277609887880173,0.283357886422184,14766.7271646764,14953.6623161684
"88","I2716","III",5,TRUE,"logistic",FALSE,FALSE,100,4.87629294007469e-06,10084.7935494428,0.0776168451866083,18792.8363932372,5.64314629115858e-06,10565.5130429128,0.00546809993446478,-4.40668270888118e-06,1.41592685890306e-05,-7295.47540614869,27465.0625050343,0.0686218207944137,0.0866118695788028,-6.18427379059614e-06,1.59368596707455e-05,-10623.6120146662,30793.1991135518,0.0668993693150573,0.0883343210581592,1.4157462486525e-05,27743.9339443091,0.318803452171579,18869.7031747233,1.80824040143748e-05,37021.3599454729,0.320220961264693,18838.86862705,4.68641321388092e-06,5652.79879447236,0.00199574869827876,81.1734731288374,1.03732542775407e-05,2.57915537512089e-05,27722.5059285659,46320.21396238,0.316937954656025,0.323503967873362,18705.3382637531,18972.3989903469,8.89703411516818e-06,2.72677739135814e-05,25941.8743083071,48100.8455826388,0.316309293816067,0.32413262871332,18679.7686197175,18997.9686343825
"89","I2716","III",7,TRUE,"gompertz.exp",FALSE,FALSE,100,NA,NA,NA,NA,NA,NA,NA,NA,NA,NA,NA,NA,NA,NA,NA,NA,NA,NA,NA,2.12098507020773e-05,34316.5953871408,0.28913113299909,19240.1094151631,2.07685138926752e-05,38458.1512765154,0.288888449417804,19208.9450445506,2.94760551534437e-06,3843.07776614492,0.00306113224200697,84.5108934894793,1.59197028199337e-05,2.56173249654167e-05,32136.288351207,44780.0142018238,0.283852886879703,0.293924011955906,19069.9246247604,19347.9654643408,1.49912070826003e-05,2.65458207027502e-05,30925.7188548714,45990.5836981594,0.282888630223471,0.294888268612138,19043.3036933112,19374.58639579
"90","I2716","III",10,TRUE,"logistic",FALSE,FALSE,100,4.6215614485933e-06,22589.2787473308,0.0675649006791272,15560.7981147069,5.19831164623893e-06,9433.99602897517,0.00455405979134226,-3.92966120946973e-06,1.31727841066563e-05,7070.35527966663,38108.2022149949,0.0600734723223691,0.0750563290358852,-5.56712937803499e-06,1.48102522752216e-05,4098.64653053945,41079.9109641221,0.0586389434880963,0.076490857870158,8.946559552319e-06,34394.2921261517,0.26074597370153,15759.1969814154,1.13740511711405e-05,50415.3294333357,0.264095680819678,15715.9381822198,2.71787538445437e-06,6806.91441079614,0.00278850562642202,71.696065046152,6.90314616371308e-06,1.58449561785679e-05,39217.955227576,61612.7036390953,0.259508589064214,0.268682772575143,15597.9981552189,15833.8782092207,6.04701541760995e-06,1.67010869246711e-05,37073.7771881752,63756.8816784961,0.258630209791891,0.269561151847465,15575.4138947293,15856.4624697102
"91","I2716","III",14,FALSE,"gompertz.exp",FALSE,FALSE,100,NA,NA,NA,NA,NA,NA,NA,NA,NA,NA,NA,NA,NA,NA,NA,NA,NA,NA,NA,7.01791702832753e-06,212858.693850246,0.226383225535333,16623.2847515726,NA,NA,NA,NA,NA,NA,NA,NA,NA,NA,NA,NA,NA,NA,NA,NA,NA,NA,NA,NA,NA,NA,NA,NA
"92","I2716","III",20,FALSE,"logistic",FALSE,FALSE,100,-2.05280909419258e-07,106799.044388122,0.00722632412222743,637.227376289162,4.0833302337818e-08,3947.00719685194,0.000254332802493007,-2.72451691764969e-07,-1.38110127073548e-07,100306.2175493,113291.871226943,0.00680794666212643,0.00764470158232843,-2.85314182001381e-07,-1.25247636837135e-07,99062.9102822917,114535.178493951,0.00672783182934114,0.00772481641511372,3.3007427366574e-07,-4857.80699228862,0.00843172375773418,890.133543156552,NA,NA,NA,NA,NA,NA,NA,NA,NA,NA,NA,NA,NA,NA,NA,NA,NA,NA,NA,NA,NA,NA,NA,NA
"93","I2716","III",25,FALSE,"gompertz",FALSE,FALSE,100,3.38512562132038e-06,-2068.10228842835,0.012791784819897,3319.10390226775,3.73459630180845e-06,3024.78587829867,0.000224064778150017,-2.75828529515452e-06,9.52853653779527e-06,-7043.87505822966,2907.67048137296,0.0124231982598403,0.0131603713799538,-3.93468313022418e-06,1.07049343728649e-05,-7996.68260989374,3860.47803303704,0.012352617854723,0.0132309517850711,1.66089310531344e-06,-4621.62960409539,0.0180342023914836,3321.38874277071,NA,NA,NA,NA,NA,NA,NA,NA,NA,NA,NA,NA,NA,NA,NA,NA,NA,NA,NA,NA,NA,NA,NA,NA
"94","I2716","III",20,FALSE,"logistic",FALSE,FALSE,100,1.09090680602626e-06,6869.90869168312,0.00397613165312167,599.660112412005,1.39562919604974e-06,2678.46969504312,0.000186921764550551,-1.20490322147556e-06,3.38671683352808e-06,2463.82604333718,11275.9913400291,0.00366864535043602,0.00428361795580733,-1.64452641823123e-06,3.82634003028374e-06,1620.1080893986,12119.7092939676,0.00360976499460259,0.00434249831164075,3.66122823687114e-07,2741.98697993565,0.00651380835058691,587.717917769735,NA,NA,NA,NA,NA,NA,NA,NA,NA,NA,NA,NA,NA,NA,NA,NA,NA,NA,NA,NA,NA,NA,NA,NA
"95","I2716","III",25,FALSE,"logistic",FALSE,FALSE,100,1.07143377583876e-06,-5144.18564950513,0.0131569274776841,3388.47407350993,5.16562667973152e-07,4003.80626804729,0.000185877568961199,2.21688187022922e-07,1.92117936465459e-06,-11730.4469604429,1442.07566143266,0.012851158876743,0.0134626960786253,5.89709466113793e-08,2.08389660506614e-06,-12991.6459348778,2703.27463586755,0.0127926074425202,0.0135212475128481,8.01765484129253e-07,-7734.83417272359,0.0180333913746414,3390.14264466594,NA,NA,NA,NA,NA,NA,NA,NA,NA,NA,NA,NA,NA,NA,NA,NA,NA,NA,NA,NA,NA,NA,NA,NA
"96","I2716","III",20,FALSE,"logistic",FALSE,FALSE,100,7.54971682994345e-07,3378.45543877913,0.00614012472382845,989.473056200763,4.93529972448613e-07,3056.78314150873,0.000221092272029038,-5.68851216836237e-08,1.56682848767231e-06,-1649.95282900274,8406.86370656099,0.00577642793634069,0.00650382151131622,-2.12347063004937e-07,1.72229042899363e-06,-2612.83951857799,9369.75039613625,0.00570678387065154,0.00657346557700537,4.24367024391681e-07,-207.538070281241,0.00860635058721062,898.723246328345,NA,NA,NA,NA,NA,NA,NA,NA,NA,NA,NA,NA,NA,NA,NA,NA,NA,NA,NA,NA,NA,NA,NA,NA
