"","TestId","AddId","concentration","reliability","used.model","log.x","log.y","nboot.gc","mu.model","lambda.model","A.model","integral.model","stdmu.model","stdlambda.model","stdA.model","ci90.mu.model.lo","ci90.mu.model.up","ci90.lambda.model.lo","ci90.lambda.model.up","ci90.A.model.lo","ci90.A.model.up","ci95.mu.model.lo","ci95.mu.model.up","ci95.lambda.model.lo","ci95.lambda.model.up","ci95.A.model.lo","ci95.A.model.up","mu.spline","lambda.spline","A.spline","integral.spline","mu.bt","lambda.bt","A.bt","integral.bt","stdmu.bt","stdlambda.bt","stdA.bt","stdintegral.bt","ci90.mu.bt.lo","ci90.mu.bt.up","ci90.lambda.bt.lo","ci90.lambda.bt.up","ci90.A.bt.lo","ci90.A.bt.up","ci90.integral.bt.lo","ci90.integral.bt.up","ci95.mu.bt.lo","ci95.mu.bt.up","ci95.lambda.bt.lo","ci95.lambda.bt.up","ci95.A.bt.lo","ci95.A.bt.up","ci95.integral.bt.lo","ci95.integral.bt.up"
"1","NEG","III",0,TRUE,"gompertz.exp",FALSE,FALSE,100,NA,NA,NA,NA,NA,NA,NA,NA,NA,NA,NA,NA,NA,NA,NA,NA,NA,NA,NA,0,NA,0,0,NA,NA,NA,NA,NA,NA,NA,NA,NA,NA,NA,NA,NA,NA,NA,NA,NA,NA,NA,NA,NA,NA,NA,NA
"2","NEG","III",1,TRUE,"gompertz.exp",FALSE,FALSE,100,NA,NA,NA,NA,NA,NA,NA,NA,NA,NA,NA,NA,NA,NA,NA,NA,NA,NA,NA,0,NA,0,0,NA,NA,NA,NA,NA,NA,NA,NA,NA,NA,NA,NA,NA,NA,NA,NA,NA,NA,NA,NA,NA,NA,NA,NA
"3","NEG","III",3,TRUE,"gompertz.exp",FALSE,FALSE,100,NA,NA,NA,NA,NA,NA,NA,NA,NA,NA,NA,NA,NA,NA,NA,NA,NA,NA,NA,0,NA,0,0,NA,NA,NA,NA,NA,NA,NA,NA,NA,NA,NA,NA,NA,NA,NA,NA,NA,NA,NA,NA,NA,NA,NA,NA
"4","NEG","III",5,TRUE,"gompertz.exp",FALSE,FALSE,100,NA,NA,NA,NA,NA,NA,NA,NA,NA,NA,NA,NA,NA,NA,NA,NA,NA,NA,NA,0,NA,0,0,NA,NA,NA,NA,NA,NA,NA,NA,NA,NA,NA,NA,NA,NA,NA,NA,NA,NA,NA,NA,NA,NA,NA,NA
"5","NEG","III",7,TRUE,"gompertz.exp",FALSE,FALSE,100,NA,NA,NA,NA,NA,NA,NA,NA,NA,NA,NA,NA,NA,NA,NA,NA,NA,NA,NA,0,NA,0,0,NA,NA,NA,NA,NA,NA,NA,NA,NA,NA,NA,NA,NA,NA,NA,NA,NA,NA,NA,NA,NA,NA,NA,NA
"6","NEG","III",10,TRUE,"gompertz.exp",FALSE,FALSE,100,NA,NA,NA,NA,NA,NA,NA,NA,NA,NA,NA,NA,NA,NA,NA,NA,NA,NA,NA,0,NA,0,0,NA,NA,NA,NA,NA,NA,NA,NA,NA,NA,NA,NA,NA,NA,NA,NA,NA,NA,NA,NA,NA,NA,NA,NA
"7","NEG","III",14,TRUE,"gompertz.exp",FALSE,FALSE,100,NA,NA,NA,NA,NA,NA,NA,NA,NA,NA,NA,NA,NA,NA,NA,NA,NA,NA,NA,0,NA,0,0,NA,NA,NA,NA,NA,NA,NA,NA,NA,NA,NA,NA,NA,NA,NA,NA,NA,NA,NA,NA,NA,NA,NA,NA
"8","NEG","III",20,TRUE,"gompertz.exp",FALSE,FALSE,100,NA,NA,NA,NA,NA,NA,NA,NA,NA,NA,NA,NA,NA,NA,NA,NA,NA,NA,NA,0,NA,0,0,NA,NA,NA,NA,NA,NA,NA,NA,NA,NA,NA,NA,NA,NA,NA,NA,NA,NA,NA,NA,NA,NA,NA,NA
"9","NEG","III",25,TRUE,"gompertz.exp",FALSE,FALSE,100,NA,NA,NA,NA,NA,NA,NA,NA,NA,NA,NA,NA,NA,NA,NA,NA,NA,NA,NA,0,NA,0,0,NA,NA,NA,NA,NA,NA,NA,NA,NA,NA,NA,NA,NA,NA,NA,NA,NA,NA,NA,NA,NA,NA,NA,NA
"10","I2716","III",0,TRUE,"gompertz.exp",FALSE,FALSE,100,NA,NA,NA,NA,NA,NA,NA,NA,NA,NA,NA,NA,NA,NA,NA,NA,NA,NA,NA,2.26310944877949e-05,29894.6317197976,0.25944297570846,15907.7191026574,2.21501121189195e-05,34792.0024296538,0.259303839063936,15827.9250323169,2.5933032490572e-06,3788.52401316636,0.00172890232075225,147.25583440132,1.78841282742205e-05,2.64160959636186e-05,28559.8804279951,41024.1244313124,0.256459794746298,0.262147883381573,15585.6891847268,16070.1608799071,1.70672377507674e-05,2.72329864870716e-05,27366.4953638477,42217.5094954598,0.255915190515261,0.26269248761261,15539.3035968903,16116.5464677435
"11","I2716","III",0,TRUE,"gompertz.exp",FALSE,FALSE,100,NA,NA,NA,NA,NA,NA,NA,NA,NA,NA,NA,NA,NA,NA,NA,NA,NA,NA,NA,2.06868677241673e-05,28248.9658006624,0.264350529551144,18798.2544472784,2.10209845369844e-05,33659.2118973105,0.264182976538305,18750.2397757118,1.33853697912848e-06,3498.61101039223,0.00232266430215322,84.6517430560962,1.88190912063181e-05,2.32228778676508e-05,27903.9967852153,39414.4270094057,0.260362193761263,0.268003759315347,18610.9876583845,18889.4918930391,1.83974520578926e-05,2.36445170160763e-05,26801.9343169417,40516.4894776793,0.259630554506085,0.268735398570526,18584.3223593218,18916.1571921017
"12","I2716","III",0,TRUE,"gompertz.exp",FALSE,FALSE,100,NA,NA,NA,NA,NA,NA,NA,NA,NA,NA,NA,NA,NA,NA,NA,NA,NA,NA,NA,2.14774989994421e-05,27954.3177443181,0.237170662020861,12489.0933172018,2.20685097878336e-05,31103.5895037881,0.237082687166888,12444.065704946,4.21302257844579e-06,4195.09319388503,0.00121421190501426,67.155610096936,1.51380876462903e-05,2.8998931929377e-05,24202.6611998473,38004.517807729,0.235085308583139,0.239080065750636,12333.5947263366,12554.5366835555,1.38109855340799e-05,3.03260340415874e-05,22881.2068437735,39325.9721638028,0.23470283183306,0.239462542500716,12312.440709156,12575.690700736
"13","I2748","III",0,TRUE,"richards",FALSE,FALSE,100,1.92894661756971e-05,886.01311900368,0.892432394658025,206182.21620912,3.48299633201591e-07,325.001145359922,0.00140296320632726,1.87165132790804e-05,1.98624190723137e-05,351.386234886607,1420.64000312075,0.890124520183616,0.894740269132433,1.86067988946219e-05,1.99721334567722e-05,249.010874098232,1523.01536390913,0.889682586773623,0.895182202542426,8.09722708491926e-05,-711.133387092383,0.918496123039058,206222.009611965,6.65762197441587e-05,67879.7999188023,0.915896278105933,205770.282238699,6.21780639316773e-05,97071.082423277,0.00546084151749489,642.016561770151,-3.57066954234505e-05,0.000168859134911768,-91802.1306674883,227561.730505093,0.906913193809654,0.924879362402213,204714.164994588,206826.399482811,-5.52927855619289e-05,0.000188445225050246,-122379.521630821,258139.121468425,0.905193028731643,0.926599527480223,204511.92977763,207028.634699769
"14","I2748","III",1,TRUE,"gompertz",FALSE,FALSE,100,1.87227160563163e-05,8622.93206699249,0.9628195190383,213454.621556476,4.47901949621129e-07,664.006890713216,0.00303446442143543,1.79859173491895e-05,1.94595147634431e-05,7530.64073176925,9715.22340221573,0.957827825065038,0.967811213011561,1.78448282350589e-05,1.96006038775737e-05,7321.47856119459,9924.3855727904,0.956871968772286,0.968767069304313,4.25028265170445e-05,18444.9169194898,1.02281105168683,213164.128736409,4.15834450601059e-05,5359.86270202142,1.02352239898214,212582.433091099,3.76332444691794e-06,5358.84888776782,0.00313954029158738,852.891308429968,3.53927763449259e-05,4.77741137752859e-05,-3455.44371835665,14175.1691223995,1.01835785520248,1.0286869427618,211179.426888732,213985.439293466,3.42073291441468e-05,4.89595609760651e-05,-5143.48111800351,15863.2065220464,1.01736890001063,1.02967589795365,210910.766126576,214254.100055622
"15","I2748","III",3,TRUE,"logistic",FALSE,FALSE,100,1.94687851548385e-05,41850.6732903336,0.776171568291592,153995.799916409,3.40085372650545e-07,397.202848139876,0.00153916824811372,1.89093447168284e-05,2.00282255928487e-05,41197.2746051435,42504.0719755236,0.773639636523445,0.778703500059739,1.88022178244435e-05,2.01353524852336e-05,41072.1557079794,42629.1908726877,0.773154798525289,0.779188338057895,3.12154714006885e-05,48200.2297290234,0.792419080875845,154862.825872554,3.14531153025455e-05,40727.0354798684,0.794026584227171,154483.353386414,1.21382227129654e-06,9806.52663001726,0.000986838347730599,630.926967324072,2.94563776662627e-05,3.34498529388283e-05,24595.29917349,56858.7717862468,0.792403235145154,0.795649933309188,153445.478525166,155521.228247663,2.90740236508043e-05,3.38322069542867e-05,21506.2432850345,59947.8276747022,0.792092381065619,0.795960787388723,153246.736530459,155719.97024237
"16","I2748","III",5,TRUE,"richards",FALSE,FALSE,100,1.1458237176131e-05,77005.0030731738,0.722070395272821,115955.10843577,2.41661937469722e-07,992.928632176798,0.001750017927302,1.10607032889933e-05,1.18557710632686e-05,75371.635473243,78638.3706731046,0.719191615782409,0.724949174763233,1.09845797786903e-05,1.19318945735716e-05,75058.8629541073,78951.1431922403,0.718640360135309,0.725500430410333,2.45855065171007e-05,97597.3863709181,0.737962485891344,116528.467101963,2.3180245289024e-05,99916.7664792362,0.737571656438815,116099.630951188,1.68814633472553e-06,12911.7371928082,0.00127801916838277,538.488062216476,2.04032445684005e-05,2.59572460096475e-05,78676.9587970667,121156.574161406,0.735469314906825,0.739673997970805,115213.818088841,116985.443813534,1.98714784729619e-05,2.6489012105086e-05,74609.7615813321,125223.77137714,0.735066738868785,0.740076574008845,115044.194349243,117155.067553132
"17","I2748","III",7,TRUE,"richards",FALSE,FALSE,100,1.32685834862541e-05,130041.831364159,0.772053115503627,81786.5695353799,5.17229416867392e-07,1570.36946804087,0.00571314278789259,1.24177410955073e-05,1.4119425877001e-05,127458.573589232,132625.089139086,0.762654995617544,0.781451235389711,1.2254813829194e-05,1.42823531433142e-05,126963.907206799,133119.755521519,0.760855355639358,0.783250875367897,3.35146162982961e-05,143911.356033937,0.805778640448834,85930.9434548643,2.82492735761029e-05,142696.180263821,0.805312178027969,85353.5093122113,6.94008984274317e-06,12477.4005452295,0.000987486902802583,864.837765423479,1.68328257847904e-05,3.96657213674154e-05,122170.856366919,163221.504160724,0.803687762072859,0.806936593983079,83930.8511880897,86776.167436333,1.46466974843263e-05,4.18518496678795e-05,118240.475195172,167151.885332471,0.803376703698476,0.807247652357462,83658.4272919813,87048.5913324414
"18","I2748","III",10,TRUE,"logistic",FALSE,FALSE,100,1.54186215936671e-05,197371.718176656,0.700395768591268,28332.1460763603,6.85520024818193e-07,1057.41035513077,0.0166190302018527,1.42909411528412e-05,1.65463020344931e-05,195632.278142465,199111.158210846,0.67305746390922,0.727734073273316,1.40750023450235e-05,1.67622408423108e-05,195299.193880599,199444.242472712,0.667822469395637,0.7329690677869,2.59007982506615e-05,206157.154513885,0.674387080875983,37194.0280324081,2.62926738107813e-05,214130.150535026,0.673221520703238,36829.4893159865,7.95699809354609e-07,6602.97782244111,0.00236406276702635,584.262310020371,2.4983747624393e-05,2.76015999971697e-05,203268.252017111,224992.049052942,0.66933263745148,0.677110403954996,35868.377816003,37790.60081597,2.47331021844463e-05,2.78522454371164e-05,201188.314003042,227071.987067011,0.668587957679866,0.67785508372661,35684.3351883466,37974.6434436264
"19","I2748","III",14,FALSE,"gompertz",FALSE,FALSE,100,1.27429770668125e-06,-20470.5458020327,0.0492931059450053,12437.7048188951,7.07652589551537e-08,1680.48936554348,0.000128954416626362,1.15788885570002e-06,1.39070655766248e-06,-23234.9508083517,-17706.1407957137,0.0490809759296549,0.0495052359603557,1.13559779912915e-06,1.41299761423335e-06,-23764.3049584979,-17176.7866455675,0.0490403552884176,0.049545856601593,1.01012336365759e-06,-25624.9516840548,0.0511043841061613,12439.1988341476,NA,NA,NA,NA,NA,NA,NA,NA,NA,NA,NA,NA,NA,NA,NA,NA,NA,NA,NA,NA,NA,NA,NA,NA
"20","I2748","III",20,FALSE,"logistic",FALSE,FALSE,100,1.03041072059838e-06,-23638.3878614625,0.0490778863711642,12361.0968536877,8.92010421736936e-08,3004.76521062112,0.000209129420081954,8.8367500622265e-07,1.1771464349741e-06,-28581.2266329342,-18695.5490899907,0.0487338684751294,0.0494219042671991,8.55576677937937e-07,1.20524476325882e-06,-29527.7276742799,-17749.0480486451,0.0486679927078036,0.0494877800345249,2.4488018445277e-06,-9256.37145729568,0.0567381463241694,12364.8544423494,NA,NA,NA,NA,NA,NA,NA,NA,NA,NA,NA,NA,NA,NA,NA,NA,NA,NA,NA,NA,NA,NA,NA,NA
"21","I2748","III",25,FALSE,"logistic",FALSE,FALSE,100,3.00729553033389e-07,-128903.647049936,0.0955498719995395,18443.6997055521,2.9222198549955e-08,18387.2347655203,0.00364591967225882,2.52659036418713e-07,3.48800069648065e-07,-159150.648239217,-98656.6458606556,0.0895523341386738,0.101547409860405,2.43454043875477e-07,3.580050621913e-07,-164942.627190356,-92864.6669095167,0.0884038694419123,0.102695874557167,2.56939044941691e-06,177531.627293401,0.107405422637468,18472.1020805462,NA,NA,NA,NA,NA,NA,NA,NA,NA,NA,NA,NA,NA,NA,NA,NA,NA,NA,NA,NA,NA,NA,NA,NA
"22","I2716","III",1,TRUE,"logistic",FALSE,FALSE,100,5.31615463737895e-06,5538.79269450559,0.0433289600777736,10857.2363820766,1.12402310903827e-05,9896.93518576817,0.00387215454493917,-1.31740255063005e-05,2.38063347810584e-05,-10741.665686083,21819.2510750942,0.0369592658513487,0.0496986543041986,-1.67146982997711e-05,2.7347007574529e-05,-13859.2002696,24936.7856586112,0.0357395371696929,0.0509183829858544,1.99432222679465e-05,32045.1108969287,0.225458031102589,10880.7347447859,1.99732106062582e-05,37711.4381144643,0.226524437176409,10868.6000531928,2.18841292782881e-06,3518.88939233161,0.00170038358891915,41.0542842856135,1.63732713399798e-05,2.35731498725366e-05,31922.8650640788,43500.0111648498,0.223727306172637,0.229321568180181,10801.065755543,10936.1343508426,1.56839212677137e-05,2.42624999448027e-05,30814.4149054944,44608.4613234343,0.223191685342128,0.229857189010691,10788.133655993,10949.0664503926
"23","I2716","III",1,TRUE,"logistic",FALSE,FALSE,100,4.80286852667473e-06,4945.95283839467,0.0597417411013079,14871.3185801124,6.92253567811536e-06,10293.6963833474,0.00446964532066523,-6.58470266382503e-06,1.61904397171745e-05,-11987.1777122118,21879.0833890012,0.0523891745488136,0.0670943076538022,-8.76530140243137e-06,1.83710384557808e-05,-15229.6920729663,25121.5977497556,0.050981236272804,0.0685022459298117,2.84334128269244e-05,33296.711907122,0.276477254414442,14888.92855592,2.68986609115207e-05,37984.1094054605,0.276574640655508,14863.7342264741,4.65835969778489e-06,2472.6692385188,0.00194713541499194,75.9957153627717,1.92356592086645e-05,3.45616626143768e-05,33916.568508097,42051.6503028239,0.273371602897847,0.27977767841317,14738.7212747023,14988.7471782458,1.77682759038623e-05,3.60290459191791e-05,33137.6776979636,42830.5411129573,0.272758255242124,0.280391026068893,14714.7826243631,15012.6858285851
"24","I2716","III",1,TRUE,"logistic",FALSE,FALSE,100,4.99770356566482e-06,4206.78131705538,0.0584301974586158,14611.2906605448,7.57307283227123e-06,10170.7579855446,0.00445899759987237,-7.46000124342136e-06,1.7455408374751e-05,-12524.1155691655,20937.6782032763,0.0510951464068258,0.0657652485104059,-9.84551918558679e-06,1.98409263169164e-05,-15727.9043346121,24141.4669687229,0.049690562162866,0.0671698327543657,2.27866153305556e-05,31026.2575667723,0.283093426475711,14631.4303236476,2.50480631037607e-05,38180.3148488247,0.282843809243812,14598.3805015679,4.46302642832115e-06,2513.66886259259,0.00415170447546781,86.7363067475156,1.77063846291724e-05,3.2389741578349e-05,34045.3295698599,42315.3001277895,0.276014255381667,0.289673363105956,14455.6992769683,14741.0617261676,1.63005313042512e-05,3.37955949032702e-05,33253.5238781433,43107.1058195062,0.274706468471895,0.290981150015729,14428.3773403428,14768.383662793
"25","I2748","III",0,TRUE,"gompertz",FALSE,FALSE,100,2.08095617406844e-05,1365.2262575585,0.847898652019283,199256.917980354,4.05111599176314e-07,434.219642321057,0.00177120803757137,2.01431531600394e-05,2.14759703213295e-05,650.934945940357,2079.51756917663,0.844985014797478,0.850812289241088,2.00155430062989e-05,2.160358047507e-05,514.155758609224,2216.29675650777,0.844427084265643,0.851370219772922,2.64858974700717e-05,6393.2933458132,0.880921946278775,199298.781598002,8.60186745361909e-05,212668.33598973,0.880927047292161,198809.973892806,5.55825583560675e-05,86869.8148349851,0.000664548635192017,600.305257113135,-5.41463395954007e-06,0.000177451983031922,69767.4905861797,355569.181393281,0.87983386478727,0.882020229797052,197822.471744855,199797.476040757,-2.29231398417013e-05,0.000194960488914083,42403.4989131594,382933.173066301,0.879624531967184,0.882229562617137,197633.375588865,199986.572196748
"26","I2748","III",1,TRUE,"gompertz",FALSE,FALSE,100,1.98328667599019e-05,9039.49749428623,0.940308911613118,210278.105336791,4.77601618475332e-07,617.743354154542,0.00282329482965956,1.904721209751e-05,2.06185214222938e-05,8023.30967670201,10055.6853118705,0.935664591618328,0.944953231607908,1.88967675876903e-05,2.07689659321136e-05,7828.72052014333,10250.2744684291,0.934775253746986,0.945842569479251,4.34247629422788e-05,18163.4602344503,0.99123839077074,210072.601960997,4.37026701480705e-05,8800.64013697603,0.99142356946884,209290.374293835,4.38486043302295e-06,7863.1922721489,0.00198627919871202,971.166784743944,3.64895747357478e-05,5.09157655603933e-05,-4134.31115070892,21735.591424661,0.988156140186959,0.994690998750721,207692.804932931,210887.943654738,3.51083436993456e-05,5.22969965967955e-05,-6611.21671643582,24212.4969903879,0.987530462239364,0.995316676698315,207386.887395737,211193.861191933
"27","I2748","III",3,TRUE,"logistic",FALSE,FALSE,100,2.04975253417118e-05,28565.2018622971,0.788410226676658,167415.301015701,3.52837987980426e-07,377.957048460228,0.00144685592230867,1.9917106851484e-05,2.10779438319396e-05,27943.46251758,29186.9412070142,0.78603014868446,0.790790304668856,1.98059628852702e-05,2.11890877981534e-05,27824.4060473151,29305.9976772791,0.785574389068933,0.791246064284383,4.02708000954467e-05,36620.605972224,0.806073208174233,167832.794749465,3.96118894070133e-05,28936.5861930817,0.806326053722974,167272.762809015,2.37501987172668e-06,6883.44805877423,0.000691984632389343,798.763773466934,3.57049817180229e-05,4.35187970960037e-05,17613.3141363981,40259.8582497653,0.805187739002694,0.807464368443255,165958.796401662,168586.729216368,3.4956850458429e-05,4.42669283555976e-05,15445.0279978842,42428.1443882792,0.804969763843491,0.807682343602457,165707.185813019,168838.33980501
"28","I2748","III",5,TRUE,"richards",FALSE,FALSE,100,1.2740379302557e-05,70810.164746474,0.754420356202896,125189.943505481,2.63362663599262e-07,878.79019030621,0.00191779518258647,1.23071477209362e-05,1.31736108841778e-05,69364.5548834203,72255.7746095277,0.751265583127541,0.757575129278251,1.22241884819024e-05,1.32565701232116e-05,69087.7359734738,72532.5935194741,0.750661477645026,0.758179234760765,1.85659189710909e-05,81376.1056222534,0.775750003411397,125978.279450396,1.99369137389669e-05,84541.7362065084,0.776199334566136,125510.042259814,4.76751207709786e-06,25566.5521466609,0.000757910518076459,691.664627928625,1.20943563721409e-05,2.77794711057929e-05,42484.7579252513,126598.714487766,0.7749525717639,0.777446097368372,124372.253946872,126647.830572757,1.05925900678551e-05,2.92812374100787e-05,34431.2939990531,134652.178413964,0.774713829950706,0.777684839181566,124154.379589074,126865.704930554
"29","I2748","III",7,TRUE,"richards",FALSE,FALSE,100,1.42180653738076e-05,132963.530389163,0.70800301712356,75513.5358184642,5.07810405553371e-07,1239.10345030258,0.00412768726846747,1.33827172566723e-05,1.50534134909429e-05,130925.205213416,135001.855564911,0.701212971566931,0.714793062680188,1.3222756978923e-05,1.52133737686922e-05,130534.88762657,135392.173151756,0.699912750077363,0.716093284169756,2.3669542201931e-05,140309.133004372,0.729326218819633,79171.5436511946,2.30517724307065e-05,142344.054006747,0.729134949018882,78732.1964029515,2.50936066666089e-06,12799.4193636871,0.000801388015321072,612.21103839776,1.89238741340494e-05,2.71796707273637e-05,121289.009153482,163399.098860013,0.727816665733679,0.730453232304085,77725.1092447872,79739.2835611158,1.81334255240512e-05,2.79701193373619e-05,117257.192053921,167430.915959574,0.727564228508852,0.730705669528911,77532.2627676919,79932.1300382111
"30","I2748","III",10,TRUE,"richards",FALSE,FALSE,100,1.6930158163737e-05,201670.667770219,0.657371211144969,31013.2060093594,1.58332445516632e-06,2806.35878412946,0.0125674827412275,1.43255894349884e-05,1.95347268924856e-05,197054.207570326,206287.127970112,0.63669770203565,0.678044720254288,1.3826842231611e-05,2.0033474095863e-05,196170.204553325,207171.130987113,0.632738944972163,0.682003477317775,2.81155209236991e-05,208932.561126544,0.675210112669809,38415.4785494908,2.73948496999389e-05,217888.984007881,0.674431736008109,38094.154684768,2.07699663960657e-06,6291.31743903082,0.00164279287980956,514.748409092663,2.3978190227786e-05,3.08115091720917e-05,207539.766820675,228238.201195087,0.671729341720822,0.677134130295396,37247.3935518106,38940.9158177255,2.332393628631e-05,3.14657631135677e-05,205558.001827381,230219.966188382,0.671211861963682,0.677651610052536,37085.2478029464,39103.0615665896
"31","I2748","III",14,FALSE,"logistic",FALSE,FALSE,100,1.26250233972747e-06,-21014.4641459121,0.0508478761189802,12898.0009290096,1.30419586207614e-07,3095.38870287377,0.000221525783762277,1.04796212041594e-06,1.47704255903899e-06,-26106.3785621395,-15922.5497296848,0.0504834662046913,0.0512122860332692,1.00687995076054e-06,1.51812472869439e-06,-27081.4260035447,-14947.5022882795,0.0504136855828062,0.0512820666551543,1.13152984529982e-06,-23827.556155758,0.0548631561365284,12900.9363197847,NA,NA,NA,NA,NA,NA,NA,NA,NA,NA,NA,NA,NA,NA,NA,NA,NA,NA,NA,NA,NA,NA,NA,NA
"32","I2748","III",20,FALSE,"logistic",FALSE,FALSE,100,1.17807984601186e-06,-17211.8760749312,0.0445982784354892,11272.2944681261,1.18173872408772e-07,2677.38379869534,0.000213084480352367,9.83683825899427e-07,1.37247586612429e-06,-21616.1724237851,-12807.5797260774,0.0442477544653096,0.0449488024056689,9.46459056090664e-07,1.40970063593305e-06,-22459.5483203741,-11964.2038294884,0.0441806328539986,0.0450159240169799,1.01232927785068e-06,-21296.0940581771,0.051364480942905,11274.7299755508,NA,NA,NA,NA,NA,NA,NA,NA,NA,NA,NA,NA,NA,NA,NA,NA,NA,NA,NA,NA,NA,NA,NA,NA
"33","I2748","III",25,FALSE,"logistic",FALSE,FALSE,100,8.0416348350256e-07,-41435.4163962648,0.0883788427380122,20644.1918068061,3.65236033243937e-08,3283.2825138088,0.000450141421820901,7.44082156033933e-07,8.64244810971188e-07,-46836.4161314802,-36034.4166610493,0.0876383600991168,0.0891193253769076,7.32577220986749e-07,8.75749746018372e-07,-47870.65012333,-35000.1826691995,0.0874965655512432,0.0892611199247812,2.67186104608552e-06,-11827.558643723,0.0986580814438269,20658.6399023047,NA,NA,NA,NA,NA,NA,NA,NA,NA,NA,NA,NA,NA,NA,NA,NA,NA,NA,NA,NA,NA,NA,NA,NA
"34","I2716","III",3,TRUE,"gompertz.exp",FALSE,FALSE,100,NA,NA,NA,NA,NA,NA,NA,NA,NA,NA,NA,NA,NA,NA,NA,NA,NA,NA,NA,1.67602383207068e-05,31090.7415083189,0.281594146527625,20045.907470178,1.85732211510252e-05,35365.8364669261,0.28601433834547,20010.6568774486,2.99765425901784e-06,5820.28089248052,0.00662745472760098,93.7818474069565,1.36420798949409e-05,2.35043624071096e-05,25791.4743987956,44940.1985350565,0.275112175318566,0.296916501372373,19856.3857384642,20164.9280164331,1.26978188033503e-05,2.44486234987002e-05,23958.0859176642,46773.5870161879,0.273024527079372,0.299004149611568,19826.844456531,20194.4692983663
"35","I2716","III",3,TRUE,"logistic",FALSE,FALSE,100,5.31087151556468e-06,8224.82974008984,0.0948120426915128,23035.8280414928,4.14084800014911e-06,7981.48144408312,0.00474709207570198,-1.50082344468061e-06,1.212256647581e-05,-4904.70723542688,21354.3667156066,0.0870030762269831,0.102621009156043,-2.80519056472757e-06,1.34269335958569e-05,-7418.87389031307,23868.5333704927,0.0855077422231369,0.104116343159889,1.86634913481827e-05,30355.4628489771,0.315081774509141,23117.4619693235,1.89525995541448e-05,36752.4548181294,0.316052847151251,23077.7602220272,1.55800643862099e-06,4195.36685252706,0.00528183020760931,103.167129075191,1.63896789626133e-05,2.15155201456763e-05,29851.0763457224,43653.8332905365,0.307364236459733,0.324741457842768,22908.0502946986,23247.4701493559,1.58989069344476e-05,2.20062921738419e-05,28529.5357871764,44975.3738490825,0.305700459944337,0.326405234358165,22875.5526490399,23279.9677950146
"36","I2716","III",3,TRUE,"logistic",FALSE,FALSE,100,4.16111409425846e-06,2762.82766012624,0.065958647371848,16440.986699742,5.71722043057113e-06,12527.1442144119,0.00520853787471477,-5.24371351403105e-06,1.3565941702548e-05,-17844.3245725814,23369.9798928339,0.0573906025679422,0.0745266921757538,-7.04463794966096e-06,1.53668661381779e-05,-21790.3750001212,27316.0303203736,0.055749913137407,0.0761673816062889,2.97997295433037e-05,35219.0619822742,0.289703093734552,16482.2327991816,2.79680306607164e-05,39069.0195100955,0.289023678969842,16458.7687141763,3.49917424029301e-06,3488.81841351626,0.00474891350999851,53.2016747485339,2.22118890354344e-05,3.37241722859984e-05,33329.9132198612,44808.1258003297,0.281211716245894,0.296835641693789,16371.2519592149,16546.2854691376,2.11096491497421e-05,3.48264121716907e-05,32230.9354196036,45907.1036005873,0.279715808490245,0.298331549449439,16354.4934316692,16563.0439966834
"37","I2748","III",0,TRUE,"gompertz",FALSE,FALSE,100,2.24556419485064e-05,4135.38797235668,0.860141539883145,201072.348152072,9.45551641052453e-07,879.321315803826,0.00383260046141012,2.09002094989751e-05,2.40110743980377e-05,2688.90440785939,5581.87153685397,0.853836912124126,0.866446167642165,2.06023607320436e-05,2.43089231649692e-05,2411.91819338118,5858.85775133218,0.852629642978781,0.867653436787509,3.36067876441383e-05,10399.752783636,0.902225368812775,201156.366146484,8.97067640371049e-05,214090.991367785,0.904017290556553,200598.119457385,6.38612560580728e-05,85745.6207915194,0.00140899080575855,807.465715054817,-1.53450021784248e-05,0.000194758530252635,73039.4451657361,355142.537569835,0.90169950068108,0.906335080432026,199269.838356119,201926.40055865,-3.54612978367177e-05,0.000214874825910928,46029.5746164075,382152.408119163,0.901255668577266,0.90677891253584,199015.486655877,202180.752258892
"38","I2748","III",1,TRUE,"gompertz",FALSE,FALSE,100,1.71999624353092e-05,7077.34285841891,0.965686245614653,212894.526587054,3.88940318085463e-07,683.634240867604,0.00304164157527547,1.65601556120586e-05,1.78397692585597e-05,5952.7645321917,8201.92118464612,0.960682745223325,0.970689746005981,1.64376394118616e-05,1.79622854587567e-05,5737.41974631841,8417.26597051941,0.959724628127113,0.971647863102193,4.20305167717677e-05,18190.7805382551,1.00752520292473,212518.303038907,4.17354567647309e-05,8823.01564938887,1.00749936846849,211937.84769847,4.73860981067009e-06,7488.11251538999,0.00162910926788536,1078.37039085254,3.39404436261786e-05,4.95304699032832e-05,-3494.92943842767,21140.9607372054,1.00481948372281,1.01017925321416,210163.928405518,213711.766991423,3.24477815358175e-05,5.10231319936443e-05,-5853.68488077552,23499.7161795533,1.00430631430343,1.01069242263354,209824.241732399,214051.453664541
"39","I2748","III",3,TRUE,"logistic",FALSE,FALSE,100,1.85603933837502e-05,30539.3123394785,0.741306704873875,155404.767870264,3.43198980024799e-07,421.405406070874,0.00150581580574339,1.79958310616094e-05,1.9124955705891e-05,29846.100446492,31232.5242324651,0.738829637873427,0.743783771874323,1.78877233829016e-05,1.92330633845988e-05,29713.3577435796,31365.2669353775,0.738355305894618,0.744258103853132,4.33277945781817e-05,40252.8804989445,0.757068688266711,155930.115907273,3.91903148824745e-05,33106.5160467214,0.757322462405428,155430.388388965,4.49420797507164e-06,7940.14768221448,0.000719960211882209,808.192573132916,3.17973427634816e-05,4.65832870014673e-05,20044.9731094786,46168.0589839643,0.756138127856881,0.758506796953974,154100.911606161,156759.865171768,3.03816672513341e-05,4.79989625136149e-05,17543.8265895811,48669.2055038618,0.755911340390139,0.758733584420717,153846.330945624,157014.445832305
"40","I2748","III",5,TRUE,"richards",FALSE,FALSE,100,1.16179411001216e-05,68799.5667696686,0.747700910603383,123408.210170704,1.83771610468576e-07,721.40429222503,0.00161255928770391,1.13156368009008e-05,1.19202453993424e-05,67612.8567089584,69986.2768303787,0.74504825057511,0.750353570631656,1.12577487436032e-05,1.197813345664e-05,67385.6143569075,70213.5191824296,0.744540294399483,0.750861526807283,1.85041635430631e-05,84093.592877352,0.767107832886131,123936.447277941,1.94227073364405e-05,84083.5335186845,0.767060918320279,123524.296128708,4.53698756389043e-06,26394.6154014397,0.00156936702253809,596.883511087737,1.19593627938407e-05,2.68860518790402e-05,40664.3911833163,127502.675854053,0.764479309568204,0.769642527072355,122542.422752969,124506.169504447,1.05302117112152e-05,2.83152029616657e-05,32350.0873318628,135816.979705506,0.763984958956105,0.770136877684454,122354.404446976,124694.18781044
"41","I2748","III",7,TRUE,"richards",FALSE,FALSE,100,1.19212918874665e-05,125977.451307484,0.693872124839002,77696.6769825269,5.35198543889245e-07,1876.87058436931,0.0050552167034747,1.10408902827687e-05,1.28016934921643e-05,122889.999196196,129064.903418771,0.685556293361786,0.702187956316218,1.08723027414436e-05,1.29702810334895e-05,122298.78496212,129656.117652847,0.683963900100191,0.703780349577812,2.82482675589682e-05,138241.172010965,0.718600098602842,81234.554126703,2.78852346702918e-05,136774.263208224,0.719223223677867,80884.6549135664,6.18772917323179e-06,11406.1014874261,0.000951958701577541,543.975331296867,1.77064201803255e-05,3.80640491602581e-05,118011.226261408,155537.30015504,0.717657251613772,0.720789195741962,79989.8154935831,81779.4943335498,1.57572854907575e-05,4.00131838498261e-05,114418.304292868,159130.222123579,0.717357384622775,0.721089062732959,79818.4632642246,81950.8465629083
"42","I2748","III",10,TRUE,"richards",FALSE,FALSE,100,1.27311736585214e-05,199078.679042879,0.54388554754846,26985.5400542893,1.48143722030254e-06,3920.8525155823,0.0129065648420873,1.02942094311237e-05,1.51681378859191e-05,192628.876654746,205528.481431011,0.522654248383227,0.565116846713694,9.82755670672843e-06,1.56347906103144e-05,191393.808112337,206763.54997342,0.518588680457969,0.569182414638951,2.36086491768982e-05,207872.340567729,0.571721243654664,33851.7935467083,2.45946118969875e-05,214817.008853784,0.571929173082835,33632.0923671328,3.05514489023099e-06,5945.83254390808,0.00353176286837591,464.500602758523,1.95688985525575e-05,2.96203252414175e-05,205036.114319055,224597.903388513,0.566119423164357,0.577738923001314,32867.988875595,34396.1958586705,1.86065279121348e-05,3.05826958818402e-05,203163.177067724,226470.840639844,0.565006917860819,0.578851428304852,32721.6711857261,34542.5135485395
"43","I2748","III",14,FALSE,"gompertz",FALSE,FALSE,100,1.37628126606901e-06,-21736.9221551471,0.0521971604561131,13218.1288488478,9.84614710878956e-08,2213.58896481838,0.000158176392556211,1.21431214612942e-06,1.53825038600859e-06,-25378.2760022733,-18095.5683080208,0.0519369602903581,0.0524573606218681,1.18329678273673e-06,1.56926574940128e-06,-26075.5565261911,-17398.2877841031,0.0518871347267029,0.0525071861855233,1.03806883922091e-06,-28513.3996837493,0.0550572673955029,13219.5157859103,NA,NA,NA,NA,NA,NA,NA,NA,NA,NA,NA,NA,NA,NA,NA,NA,NA,NA,NA,NA,NA,NA,NA,NA
"44","I2748","III",20,FALSE,"logistic",FALSE,FALSE,100,1.27842853767013e-06,-19064.7535921977,0.0473108423704064,12020.3843907651,1.52830561959016e-07,3272.49535226487,0.00023155688904172,1.02702226324755e-06,1.52983481209272e-06,-24448.0084466735,-13681.498737722,0.0469299312879328,0.0476917534528801,9.78880636230463e-07,1.57797643910981e-06,-25478.8444826369,-12650.6627017586,0.0468569908678847,0.0477646938729282,9.59703251687901e-07,-26917.6526560792,0.0512214418910383,12023.4234461967,NA,NA,NA,NA,NA,NA,NA,NA,NA,NA,NA,NA,NA,NA,NA,NA,NA,NA,NA,NA,NA,NA,NA,NA
"45","I2748","III",25,FALSE,"logistic",FALSE,FALSE,100,1.17479422092199e-06,-25318.8903445363,0.0563165725050286,14223.2097607577,1.95495749275129e-07,5967.77019076135,0.000428421535816466,8.53203713364403e-07,1.49638472847958e-06,-35135.8723083387,-15501.9083807339,0.0556118190786105,0.0570213259314467,7.91622552342738e-07,1.55796588950124e-06,-37015.7199184286,-13622.060770644,0.0554768662948283,0.0571562787152289,1.47353462059033e-06,-20902.8897448241,0.0686423561698783,14227.7411885425,NA,NA,NA,NA,NA,NA,NA,NA,NA,NA,NA,NA,NA,NA,NA,NA,NA,NA,NA,NA,NA,NA,NA,NA
"46","I2716","III",5,TRUE,"gompertz.exp",FALSE,FALSE,100,NA,NA,NA,NA,NA,NA,NA,NA,NA,NA,NA,NA,NA,NA,NA,NA,NA,NA,NA,4.47563694390828e-05,38666.2585273735,0.470644251871434,32995.8982549773,4.25818864255769e-05,42000.5353964828,0.46833224394789,32952.8355580628,1.24730823591701e-05,2460.33972077738,0.0034139012524578,150.954077584739,2.2063665944742e-05,6.31001069064118e-05,37953.276555804,46047.7942371616,0.462716376387597,0.473948111508183,32704.5161004359,33201.1550156897,1.81346450016035e-05,6.70291278495504e-05,37178.2695437591,46822.8012492065,0.461640997493073,0.475023490402708,32656.9655659967,33248.7055501289
"47","I2716","III",5,TRUE,"gompertz.exp",FALSE,FALSE,100,NA,NA,NA,NA,NA,NA,NA,NA,NA,NA,NA,NA,NA,NA,NA,NA,NA,NA,NA,4.3610836034659e-05,38997.4052086692,0.498749175580587,38820.4479039986,4.395293706072e-05,41954.3429893656,0.49853942433306,38723.4592920718,6.50898494026685e-06,3444.65785726163,0.00430832995710505,181.398680392134,3.3245656833981e-05,5.46602172874589e-05,36287.8808141702,47620.805164561,0.491452221553622,0.505626627112498,38425.0584628267,39021.8601213168,3.1195326577797e-05,5.6710547543643e-05,35202.8135891328,48705.8723895984,0.490095097617134,0.506983751048986,38367.9178785032,39079.0007056403
"48","I2716","III",5,TRUE,"gompertz.exp",FALSE,FALSE,100,NA,NA,NA,NA,NA,NA,NA,NA,NA,NA,NA,NA,NA,NA,NA,NA,NA,NA,NA,2.29325717196224e-05,34601.8006987925,0.322812840893363,15926.9103129591,2.23858492484998e-05,40782.1925900009,0.321685148180806,15908.6189480042,1.93685359000279e-06,4506.33965662272,0.0053593105827426,43.5285050916336,1.91997250929452e-05,2.55719734040544e-05,33369.2638548565,48195.1213251452,0.312869082272194,0.330501214089417,15837.0145571285,15980.22333888,1.85896162120944e-05,2.61820822849053e-05,31949.7668630203,49614.6183169814,0.31118089943863,0.332189396922981,15823.3030780246,15993.9348179838
"49","I2746","III",0,TRUE,"logistic",FALSE,FALSE,100,9.00393752275591e-06,9877.64282309473,0.145114979707863,35150.6592748825,4.15195589305052e-06,4262.612457645,0.00409799346463678,2.1739700786878e-06,1.5833904966824e-05,2865.6453302687,16889.6403159208,0.138373780458536,0.151856178957191,8.66103972376884e-07,1.71417710731349e-05,1522.92240611052,18232.3632400789,0.137082912517175,0.153147046898551,3.19962906346392e-05,26906.7794907389,0.327639425856681,35260.7961656572,3.28815450201029e-05,29440.545121235,0.328183435660841,35211.1138929513,6.90417655762787e-06,2305.20131818671,0.00193566408072473,77.8814291231623,2.1524174582805e-05,4.42389154574007e-05,25648.4889528179,33232.6012896521,0.324999268248049,0.331367603073633,35082.9989420437,35339.2288438589,1.93493589671523e-05,4.64137310730535e-05,24922.3505375891,33958.739704881,0.324389534062621,0.331977337259062,35058.4662918699,35363.7614940327
"50","I2746","III",1,TRUE,"logistic",FALSE,FALSE,100,5.9710904734118e-06,5776.40555263857,0.0683365455658828,16992.5138484901,8.64533656383226e-06,9511.03818166442,0.00498271164957126,-8.25048817409227e-06,2.01926691209159e-05,-9869.2522561994,21422.0633614765,0.060139984902338,0.0765331062294275,-1.09737691916994e-05,2.2915950138523e-05,-12865.2292834237,24418.0403887008,0.0585704307327231,0.0781026603990424,2.79940503077032e-05,29444.0761639953,0.316631048301916,17029.9497026397,2.68840286758987e-05,34650.3758601279,0.317045777836266,17010.5712884283,2.81500365464965e-06,2520.79425596768,0.00225994754590419,47.2435275792367,2.2253347664e-05,3.15147096877973e-05,30503.6693090611,38797.0824111948,0.313328164123254,0.320763391549279,16932.8556855604,17088.2868912961,2.13666215127854e-05,3.2401435839012e-05,29709.6191184313,39591.1326018246,0.312616280646294,0.321475275026239,16917.973974373,17103.1686024836
"51","I2746","III",3,TRUE,"logistic",FALSE,FALSE,100,4.7984480272934e-06,6747.14919955177,0.0857778718696321,20963.4321305871,4.45833416512367e-06,9525.44882521423,0.00507786004155261,-2.53551167433504e-06,1.21324077289218e-05,-8922.21411792563,22416.5125170292,0.077424792101278,0.0941309516379861,-3.939886936349e-06,1.35367829909358e-05,-11922.7304978681,25417.0288969716,0.0758252661881889,0.0957304775510752,2.29189420840093e-05,33882.0519837127,0.345825723019445,21027.2992803857,2.33096839105088e-05,40728.9441116571,0.3454916373002,20989.176608405,2.23588200783163e-06,4076.49619608042,0.00219643196241806,84.1936454717469,1.96316580076257e-05,2.69877098133918e-05,34023.1078691049,47434.7803542094,0.341878506722022,0.349104767878378,20850.678061604,21127.6751552061,1.89273551751588e-05,2.76920126458588e-05,32739.0115673395,48718.8766559748,0.34118663065386,0.349796643946539,20824.1570632804,21154.1961535297
"52","I2746","III",5,TRUE,"logistic",FALSE,FALSE,100,5.00397095824126e-06,16097.7804341123,0.0850038087685206,20027.2963233257,5.41348349005066e-06,10539.6622755029,0.00589299108205266,-3.90120938289208e-06,1.39091512993746e-05,-1239.96400908988,33435.5248773145,0.075309838438544,0.0946977790984972,-5.60645668225804e-06,1.56143985987406e-05,-4559.95762587328,36755.5184940979,0.0734535462476974,0.0965540712893438,3.14888332498681e-05,40409.9616504572,0.358169763649206,20160.4874792884,3.28823113620627e-05,44570.0471223275,0.358293126286182,20145.4210150869,4.66533944360873e-06,3329.52290749559,0.0068655465899974,91.6225664585376,2.52078279773263e-05,4.05567947467991e-05,39092.9819394973,50047.1123051578,0.346999302145636,0.369586950426728,19994.7018932626,20296.1401369112,2.37382460525896e-05,4.20263766715358e-05,38044.1822236362,51095.9120210189,0.344836654969787,0.371749597602577,19965.8407848282,20325.0012453456
"53","I2746","III",7,TRUE,"logistic",FALSE,FALSE,100,8.84453717228356e-06,30954.3605111559,0.14542639203528,32144.0363771276,4.54692973348281e-06,4847.47827220562,0.00487262922690451,1.36483776070434e-06,1.63242365838628e-05,22980.2587533777,38928.4622689342,0.137410916957022,0.153441867113538,-6.74451053427468e-08,1.77565194499099e-05,21453.3030976329,40455.4179246789,0.135876038750547,0.154976745320013,1.62970405433352e-05,42028.1147648206,0.331091636997001,32472.2470651963,1.77601760053381e-05,47509.7283874155,0.331458943154558,32449.7722593216,2.78327419735015e-06,5510.36834452603,0.00200128397672586,94.4421648542932,1.31816899506971e-05,2.23386620599791e-05,38445.1724606702,56574.2843141609,0.328166831012844,0.334751055296272,32294.4148981363,32605.1296205069,1.23049585785318e-05,2.32153934321444e-05,36709.4064321445,58310.0503426866,0.327536426560176,0.335381459748941,32264.6656162072,32634.878902436
"54","I2746","III",10,TRUE,"logistic",FALSE,FALSE,100,4.51319403337579e-06,47036.8836563271,0.118676100625496,23738.0394956192,1.3402799986107e-06,4467.97259572826,0.00313200868035364,2.30843343566119e-06,6.71795463109039e-06,39687.0687363542,54386.6985763001,0.113523946346314,0.123828254904677,1.88624523609882e-06,7.14014283065276e-06,38279.6573686998,55794.1099439545,0.112537363612002,0.124814837638989,1.59895155168783e-05,76816.2203151303,0.252469902362118,24207.6373931463,1.87043243398695e-05,93078.9235465086,0.255478265827392,24181.669298772,5.46345354521617e-06,39117.3556582797,0.00582505280491316,117.801886353176,9.71694325798895e-06,2.76917054217501e-05,28730.8734886385,157426.973604379,0.24589605396331,0.265060477691474,23987.885195721,24375.453401823,7.99595539124586e-06,2.94126932884932e-05,16408.9064562804,169748.940636737,0.244061162329762,0.266895369325022,23950.7776015198,24412.5609960242
"55","I2746","III",14,TRUE,"logistic",FALSE,FALSE,100,5.93561064750696e-07,65144.1232119576,0.0676595118560936,9330.52916994038,2.84150114106978e-08,2941.58469957691,0.00113546313891693,5.46818370980098e-07,6.40303758521294e-07,60305.2163811536,69983.0300427616,0.0657916749925752,0.0695273487196119,5.37867642385729e-07,6.49254487115664e-07,59378.6172007869,70909.6292231284,0.0654340041038164,0.0698850196083707,1.89032866947026e-06,169632.535032504,0.076584076351749,9784.97358219927,2.18932067261638e-06,186323.431890767,0.0765893781459733,9745.85806825835,6.35785719827663e-07,25158.8689810821,0.0016562515218634,56.6221178422329,1.14345316349988e-06,3.23518818173289e-06,144937.092416887,227709.771364647,0.073864844392508,0.0793139118994386,9652.71468440788,9839.00145210882,9.43180661754166e-07,3.4354606834786e-06,137012.048687847,235634.815093688,0.073343125163121,0.0798356311288256,9634.87871728757,9856.83741922913
"56","I2746","III",20,FALSE,"logistic",FALSE,FALSE,100,6.80594984148345e-07,6321.53850017412,0.00342630077511288,843.854918913198,8.55305941427449e-07,3634.75027211859,0.000154876800136578,-7.26383289499808e-07,2.0875732577965e-06,342.374302539035,12300.7026978092,0.00317152843888821,0.00368107311133755,-9.95804661049455e-07,2.35699462934614e-06,-802.57203317832,13445.6490335266,0.00312274224684519,0.00372985930338058,2.33915988830786e-07,23.5342499064031,0.00656174537541171,736.947942114116,NA,NA,NA,NA,NA,NA,NA,NA,NA,NA,NA,NA,NA,NA,NA,NA,NA,NA,NA,NA,NA,NA,NA,NA
"57","I2746","III",25,FALSE,"gompertz",FALSE,FALSE,100,1.33616050301116e-06,-5707.88769953901,0.00928632712480093,2409.93636300063,2.07392232736984e-06,10658.8353649659,0.000155114060186247,-2.07544172551222e-06,4.74776273153454e-06,-23241.6718749079,11825.8964758299,0.00903116449579455,0.00954148975380731,-2.72872725863372e-06,5.40104826465604e-06,-26599.2050148721,15183.4296157941,0.00898230356683589,0.00959035068276597,2.07188887108121e-07,-36385.8070949836,0.013018673851677,2411.29618938382,NA,NA,NA,NA,NA,NA,NA,NA,NA,NA,NA,NA,NA,NA,NA,NA,NA,NA,NA,NA,NA,NA,NA,NA
"58","I2716","III",7,TRUE,"logistic",FALSE,FALSE,100,6.82642523577688e-06,19716.4871444039,0.0968049113903127,22594.2871760644,6.54788674049554e-06,7804.50701868899,0.00543734049859518,-3.94484845233828e-06,1.7597698923892e-05,6878.07309866054,32554.9011901473,0.0878604862701236,0.105749336510502,-6.00743277559438e-06,1.96602832471481e-05,4419.65338777351,35013.3209010344,0.0861477240130661,0.107462098767559,2.55772744223209e-05,37208.0976812399,0.323692247603459,22756.0626393163,2.71345251746196e-05,41982.2336206795,0.324269451956287,22739.8131253769,2.93353055918554e-06,3474.27623157294,0.00236314709200387,103.295577249243,2.23088674047594e-05,3.19601829444798e-05,36267.049219742,47697.418021617,0.320382074989941,0.328156828922633,22569.8919008019,22909.7343499519,2.13848052786159e-05,3.28842450706233e-05,35172.6522067965,48791.8150345625,0.319637683655959,0.328901220256615,22537.3537939684,22942.2724567854
"59","I2716","III",7,TRUE,"gompertz.exp",FALSE,FALSE,100,NA,NA,NA,NA,NA,NA,NA,NA,NA,NA,NA,NA,NA,NA,NA,NA,NA,NA,NA,1.77203234417005e-05,33693.0899080123,0.36117819260835,20489.2632558252,1.75670965764584e-05,44627.8675732302,0.357241772709233,20472.6028484653,2.25558556481982e-06,13712.8395032452,0.00611838528401457,58.5053540234829,1.38566583223298e-05,2.1277534830587e-05,22070.2465903918,67185.4885560686,0.347177028917029,0.367306516501437,20376.3615410966,20568.8441558339,1.31461488694116e-05,2.19880442835053e-05,17750.7021468696,71505.0329995908,0.345249737552564,0.369233807865901,20357.9323545793,20587.2733423513
"60","I2716","III",7,TRUE,"logistic",FALSE,FALSE,100,5.52914615338802e-06,16526.1302863399,0.0781405661360021,18489.0201269099,7.62904680085833e-06,11188.8564136905,0.00625671956693133,-7.02063583402393e-06,1.80789281408e-05,-1879.53851418102,34931.7990868608,0.0678482624484,0.0884328698236041,-9.4237855762943e-06,2.04820778830703e-05,-5404.02828449353,38456.2888571733,0.0658773957848167,0.0904037364871875,1.81333402003606e-05,34398.7466116048,0.356806076014493,18622.7581281931,2.18123779314825e-05,44898.9073140033,0.358919703592106,18610.7413239682,5.014045770719e-06,24907.8292058684,0.00510824948365493,93.4323718196645,1.35642726386497e-05,3.00604832243152e-05,3925.52827034974,85872.2863576569,0.350516633191494,0.367322773992719,18457.0450723249,18764.4375756116,1.19848482208733e-05,3.16399076420917e-05,-3920.43792949882,93718.2525575055,0.348907534604143,0.36893187258007,18427.6138752017,18793.8687727348
"61","I2746","III",0,TRUE,"logistic",FALSE,FALSE,100,9.04567830287046e-06,10086.5451382875,0.157091340584503,37919.03682537,3.42675402911596e-06,3772.57109674765,0.00379565770774026,3.40866792497471e-06,1.46826886807662e-05,3880.66568413764,16292.4245924374,0.150847483655271,0.163335197513736,2.32924040580318e-06,1.57621161999377e-05,2692.30578866213,17480.7844879129,0.149651851477333,0.164530829691674,3.35152633691548e-05,27400.676442463,0.329020607902915,38073.8158277065,3.31279082668581e-05,29315.2621750223,0.328459400479154,37976.0136913821,3.22740063372166e-06,2526.00150291862,0.00131850606095871,159.946209371265,2.7818834224386e-05,3.84369823093302e-05,25159.9897027212,33470.5346473235,0.326290458008877,0.330628342949431,37712.9021769663,38239.1252057978,2.68022030247637e-05,3.94536135089525e-05,24364.2992293018,34266.2251207428,0.325875128599675,0.331043672358633,37662.5191210144,38289.5082617498
"62","I2746","III",1,TRUE,"gompertz.exp",FALSE,FALSE,100,NA,NA,NA,NA,NA,NA,NA,NA,NA,NA,NA,NA,NA,NA,NA,NA,NA,NA,NA,2.49364728697743e-05,28971.6465005666,0.303255486227484,17548.7786872225,2.37430283491479e-05,33759.2109895513,0.302815067557691,17531.8623272388,2.29879972004704e-06,2967.63493408212,0.00223391898976259,43.3058804871223,1.99615028096705e-05,2.75245538886253e-05,28877.4515229863,38640.9704561164,0.299140270819531,0.30648986429585,17460.6241538375,17603.1005006401,1.92373808978557e-05,2.82486758004401e-05,27942.6465187504,39575.7754603523,0.298436586337756,0.307193548777625,17446.982801484,17616.7418529936
"63","I2746","III",3,TRUE,"logistic",FALSE,FALSE,100,4.97033375856768e-06,7235.60711993731,0.103514190169933,25090.5370452962,3.38478528817492e-06,8131.14185083522,0.00487992468943613,-5.97638040480067e-07,1.05383055576154e-05,-6140.12122468663,20611.3354645612,0.0954867140558102,0.111541666284055,-1.66384540625517e-06,1.16045129233905e-05,-8701.43090769973,23172.6451475743,0.0939495377786378,0.113078842561227,2.5965564234233e-05,35415.0569991586,0.34879814409043,25168.2774090718,2.41009291007298e-05,40550.8309070718,0.348226495526204,25097.7600740176,3.1878921454838e-06,2973.86040036655,0.00333555678270339,103.848260665712,1.88568465214089e-05,2.93450116800506e-05,35658.8305484689,45442.8312656748,0.342739504618657,0.353713486433751,24926.9296852225,25268.5904628127,1.78526604955815e-05,3.0349197705878e-05,34722.0645223534,46379.5972917903,0.341688804232106,0.354764186820303,24894.2174831128,25301.3026649224
"64","I2746","III",5,TRUE,"gompertz.exp",FALSE,FALSE,100,NA,NA,NA,NA,NA,NA,NA,NA,NA,NA,NA,NA,NA,NA,NA,NA,NA,NA,NA,2.22312490692541e-05,36605.3741141818,0.366897658465751,23511.3108491087,2.32396324756233e-05,43716.4757533071,0.36742464392973,23488.0037048558,2.91205011155863e-06,4073.07478900547,0.00216002027667846,64.7159005216509,1.84493100421093e-05,2.80299549091372e-05,37016.2677253931,50416.6837812211,0.363871410574594,0.370977877284866,23381.5460484977,23594.4613612139,1.75320142569683e-05,2.89472506942782e-05,35733.2491668564,51699.7023397578,0.36319100418744,0.37165828367202,23361.1605398333,23614.8468698782
"65","I2746","III",7,TRUE,"logistic",FALSE,FALSE,100,1.08017158359506e-05,31834.2665326983,0.181604910254256,39947.2858426611,3.86650531981235e-06,3450.89552115582,0.00429831526948818,4.44131458485929e-06,1.71621170870419e-05,26157.543400397,37510.9896649997,0.174534181635948,0.188675638872564,3.2233654091184e-06,1.83800662627828e-05,25070.5113112329,38598.0217541637,0.173180212326059,0.190029608182453,1.50032054585999e-05,38516.6048191546,0.336344171331144,40386.4123407183,1.67898102463525e-05,42393.7307326852,0.337899397070663,40335.5011782856,1.48456944588048e-06,5525.79984713636,0.00194135035706666,122.104678634845,1.43476935078791e-05,1.92319269848259e-05,33303.7899841458,51483.6714812245,0.334705875733289,0.341092918408038,40134.6389819313,40536.3633746399,1.38800541324267e-05,1.96995663602782e-05,31563.1630322979,53224.2984330724,0.334094350370813,0.341704443770514,40096.1760081613,40574.8263484099
"66","I2746","III",10,TRUE,"logistic",FALSE,FALSE,100,5.21282064219517e-06,39163.4461690554,0.117384859286621,24625.6205841304,2.09848832082171e-06,5191.96810404725,0.00375367459196084,1.76080735444346e-06,8.66483392994688e-06,30622.6586378977,47704.2337002131,0.111210064582845,0.123559653990396,1.09978353338462e-06,9.32585775100571e-06,28987.1886851228,49339.703652988,0.110027657086377,0.124742061486864,1.0882556226954e-05,59895.1714001271,0.249660865402486,25103.0344000559,1.18436163064031e-05,74889.9995254811,0.249675559532355,25060.2592012548,2.0596377327747e-06,30211.7098052556,0.00100946646035034,90.4192345706938,8.45551223598873e-06,1.52317203768175e-05,25191.7368958356,124588.262155127,0.248014987205079,0.251336131859632,24911.519560386,25208.9988421236,7.8067263501647e-06,1.58805062626415e-05,15675.0483071801,134104.950743782,0.247697005270069,0.251654113794642,24883.0375014963,25237.4809010134
"67","I2746","III",14,TRUE,"gompertz",FALSE,FALSE,100,1.07758186869538e-06,75696.720746066,0.0587366192540402,8980.30064979899,1.06486465566823e-07,2847.96043896474,0.00102957672211132,9.0241163283796e-07,1.25275210455281e-06,71011.825823969,80381.615668163,0.0570429655461671,0.0604302729619133,8.6886839618441e-07,1.28629534120636e-06,70114.7182856952,81278.7232064369,0.056718648878702,0.0607545896293784,1.14219399198781e-06,87879.3965227722,0.0711148125416662,9784.14896294407,1.34641697681447e-06,108031.267554118,0.0713810557990339,9759.8593092461,3.92130653077047e-07,27373.7848538368,0.000303823947480945,36.349857901705,7.01362052502729e-07,1.99147190112621e-06,63001.3914695562,153061.143638679,0.0708812654054278,0.0718808461926401,9700.06379299779,9819.6548254944,5.77840896783459e-07,2.11499305684548e-06,54378.6492405976,161683.885867638,0.0707855608619713,0.0719765507360966,9688.61358775876,9831.10503073344
"68","I2746","III",20,FALSE,"logistic",FALSE,FALSE,100,2.90591657739397e-07,-5686.55089764607,0.00321313712788531,699.547516415875,4.98114630396384e-07,13708.8507333599,0.000149641922024589,-5.28806909262655e-07,1.10999022474145e-06,-28237.6103540232,16864.508558731,0.00296697616615486,0.00345929808961576,-6.85713017837515e-07,1.26689633331631e-06,-32555.8983350315,21182.7965397394,0.00291983896071712,0.00350643529505351,1.62038400406378e-07,-11173.7990173831,0.00552886575521683,610.1477355482,NA,NA,NA,NA,NA,NA,NA,NA,NA,NA,NA,NA,NA,NA,NA,NA,NA,NA,NA,NA,NA,NA,NA,NA
"69","I2746","III",25,FALSE,"gompertz",FALSE,FALSE,100,1.1934441712375e-06,-5740.97097354389,0.01159162490834,2996.40541747912,8.51984403934391e-07,5614.39337437762,0.000172861141324659,-2.0807017323457e-07,2.59495851570958e-06,-14976.6480743951,3494.70612730729,0.0113072683308609,0.0118759814858191,-4.76445260473903e-07,2.86333360294891e-06,-16745.181987324,5263.24004023625,0.0112528170713437,0.0119304327453363,1.06092442732588e-06,-6450.21035954638,0.0162801941606207,2999.76756420206,NA,NA,NA,NA,NA,NA,NA,NA,NA,NA,NA,NA,NA,NA,NA,NA,NA,NA,NA,NA,NA,NA,NA,NA
"70","I2716","III",10,TRUE,"logistic",FALSE,FALSE,100,6.42355394796683e-06,28664.4394698045,0.0927595604727244,20808.2059200831,4.86673692379762e-06,6276.51054902703,0.00424247256416576,-1.58222829168026e-06,1.44293361876139e-05,18339.579616655,38989.299322954,0.0857806931046717,0.0997384278407771,-3.11525042267651e-06,1.59623583186102e-05,16362.4787937115,40966.4001458975,0.0844443142469595,0.101074806698489,1.40847244431661e-05,46187.3127835502,0.302107522278181,21107.2716613299,1.65265150039422e-05,57501.0467768126,0.301725614783796,21069.0570038359,4.94469386848686e-06,7333.12868352482,0.00533619732260101,83.1465663146653,8.39249359028134e-06,2.46605364176031e-05,45438.0500924143,69564.0434612109,0.292947570188117,0.310503659379474,20932.2809022482,21205.8331054235,6.83491502170798e-06,2.62181149861765e-05,43128.114557104,71873.9789965213,0.291266668031498,0.312184561536094,20906.0897338591,21232.0242738126
"71","I2716","III",10,TRUE,"logistic",FALSE,FALSE,100,5.48343344749379e-06,27416.6367578202,0.0871168899222097,19588.0720675981,5.54380084368897e-06,9212.44156976911,0.0055855503064893,-3.63611894037456e-06,1.46029858353621e-05,12262.1703755501,42571.1031400904,0.0779286596680348,0.0963051201763846,-5.38241620613658e-06,1.63492831011242e-05,9360.25128107278,45473.0222345677,0.0761692113214907,0.0980645685229287,1.16335266890384e-05,43263.6312238185,0.326157491449219,19853.3987414914,1.27826972153365e-05,58351.2038952969,0.32739481152389,19839.5221320298,2.17694735797785e-06,8434.04278396503,0.0026988953340254,70.8587886002704,9.20161881146295e-06,1.63637756192101e-05,44477.2035156744,72225.2042749194,0.322955128699418,0.331834494348362,19722.9594247824,19956.0848392773,8.51588039369993e-06,1.70495140369731e-05,41820.4800387255,74881.9277518684,0.3221049766692,0.33268464637858,19700.6389063733,19978.4053576864
"72","I2716","III",10,TRUE,"logistic",FALSE,FALSE,100,8.46729690219485e-06,29484.2289222276,0.12869378597599,28714.8073544004,7.59312468555452e-06,7818.04271966452,0.00717808633319478,-4.02339320554234e-06,2.0957987009932e-05,16623.5486483795,42344.9091960757,0.116885833957885,0.140501737994096,-6.41522748149201e-06,2.33498212858817e-05,14160.8651916851,44807.59265277,0.114624736762928,0.142762835189052,1.58552908062925e-05,42991.0833311293,0.414123860774815,29123.0639419643,1.73137732171821e-05,55414.4948722626,0.415171798574672,29103.2255243184,1.23761629522704e-06,9161.72391012047,0.00235260972619767,107.743026298226,1.52778944115336e-05,1.93496520228306e-05,40343.4590401144,70485.5307044107,0.411301755575077,0.419041841574267,28925.9882460579,29280.462802579,1.48880452785371e-05,1.97395011558271e-05,37457.5160084264,73371.4737360987,0.410560683511325,0.41978291363802,28892.0491927739,29314.401855863
"73","I2746","III",0,TRUE,"logistic",FALSE,FALSE,100,9.82827095813711e-06,10569.3180080046,0.165373586875888,39884.9140537392,3.70496188635428e-06,3637.68139258361,0.00391587632813763,3.73360865508432e-06,1.59229332611899e-05,4585.33211720461,16553.3038988047,0.158931970316101,0.171815203435674,2.56654566088272e-06,1.70899962553915e-05,3439.46247854077,17699.1735374685,0.157698469272738,0.173048704479038,3.14684916925011e-05,25936.865762593,0.33621650819666,40080.078949412,3.15205298695737e-05,27614.979939795,0.335705688209335,39997.7878562687,3.16198571168455e-06,2708.74018208679,0.00179672943989297,105.403122654205,2.63190633738526e-05,3.67219963652948e-05,23159.1023402622,32070.8575393278,0.332750068280712,0.338661308137959,39824.3997195025,40171.1759930348,2.5323037874672e-05,3.77180218644754e-05,22305.8491829049,32924.1106966851,0.332184098507145,0.339227277911526,39791.1977358664,40204.3779766709
"74","I2746","III",1,TRUE,"logistic",FALSE,FALSE,100,5.98653330894669e-06,6179.34186232031,0.0680130820836399,16888.0395504273,8.2052224473156e-06,8937.9167971912,0.00468598809983371,-7.51105761688747e-06,1.94841242347809e-05,-8523.53126905921,20882.2149936998,0.0603046316594135,0.0757215325078664,-1.00957026877919e-05,2.20687693056853e-05,-11338.9750601744,23697.658784815,0.0588285454079659,0.077197618759314,2.41214718798468e-05,28165.4772446075,0.309277480953674,16922.6462105771,2.38936742544767e-05,33214.9808826656,0.30918434751475,16904.276498146,1.75710740214301e-06,3551.71006632933,0.0027969580366556,46.7366416628104,2.10032325779515e-05,2.6784115931002e-05,27372.4178235538,39057.5439417773,0.304583351544452,0.313785343485048,16827.3947226107,16981.1582736813,2.04497437462764e-05,2.7337604762677e-05,26253.6291526601,40176.3326126711,0.303702309762905,0.314666385266595,16812.6726804869,16995.8803158051
"75","I2746","III",3,TRUE,"gompertz.exp",FALSE,FALSE,100,NA,NA,NA,NA,NA,NA,NA,NA,NA,NA,NA,NA,NA,NA,NA,NA,NA,NA,NA,2.40697314527528e-05,32597.3948463292,0.347338575528055,19817.5740085509,2.54911618484363e-05,38290.0704614954,0.347602637345173,19769.1542093978,2.68608723964326e-06,4412.17249036254,0.00205802631242841,73.3290206041363,2.10725483392232e-05,2.99097753576495e-05,31032.046714849,45548.0942081418,0.344217184061228,0.350988090629118,19648.527970504,19889.7804482916,2.02264308587355e-05,3.07558928381371e-05,29642.2123803848,46937.928542606,0.343568905772813,0.351636368917533,19625.4293290137,19912.8790897819
"76","I2746","III",5,TRUE,"logistic",FALSE,FALSE,100,5.41539154237977e-06,11962.7041302011,0.103799299378956,24767.5179256547,4.3305458247271e-06,8786.86031614994,0.00561955068106691,-1.70835633929631e-06,1.25391394240558e-05,-2491.68108986558,26417.0893502677,0.0945551385086011,0.113043460249311,-3.07247827408534e-06,1.39032613588449e-05,-5259.54208945281,29184.950349855,0.092784980044065,0.114813618713847,1.81355128668279e-05,32960.0945294843,0.335607674559253,24946.0931252431,1.88779628673137e-05,39556.9708381718,0.336385639531189,24915.152597452,1.46936890392487e-06,4376.52739383725,0.00263243314826948,66.7155344025653,1.64608510203573e-05,2.12950747142701e-05,32357.5832753095,46756.3584010341,0.332055287002286,0.340715992060092,24805.4055433597,25024.8996515442,1.5997999815621e-05,2.17579259190065e-05,30978.9771462508,48134.9645300928,0.331226070560581,0.341545208501797,24784.3901500229,25045.915044881
"77","I2746","III",7,TRUE,"logistic",FALSE,FALSE,100,1.12250005727874e-05,29891.0116309944,0.172759347742318,38460.105138726,4.8100052794501e-06,3782.74081980836,0.00464062362277889,3.31254188809198e-06,1.91374592574828e-05,23668.4029824096,36113.6202795791,0.165125521882847,0.180393173601789,1.7973902250652e-06,2.06526109205096e-05,22476.83962417,37305.1836378188,0.163663725441671,0.181854970042965,2.20599423429199e-05,39366.7380574637,0.339016966033734,38897.7829215911,2.18729680782381e-05,41717.888559931,0.339768708976895,38840.8135550992,1.7992273608636e-06,4467.9267702025,0.00300070804408401,108.94723883226,1.89132390696175e-05,2.48326970868588e-05,34368.1490229479,49067.6280969141,0.334832544244377,0.344704873709414,38661.5953472202,39020.0317629783,1.83464824509455e-05,2.53994537055308e-05,32960.7520903341,50475.0250295279,0.333887321210491,0.3456500967433,38627.276966988,39054.3501432105
"78","I2746","III",10,TRUE,"logistic",FALSE,FALSE,100,1.05383343840974e-05,45519.5103186093,0.209489021243121,42892.8909340889,3.37692340558364e-06,3649.8320072849,0.00504793739059861,4.98329538191235e-06,1.60933733862825e-05,39515.5366666257,51523.483970593,0.201185164235586,0.217792878250655,3.9195645091535e-06,1.71571042590414e-05,38365.8395843309,52673.1810528877,0.199595063957547,0.219382978528694,1.63240656835604e-05,56574.9895325545,0.382894685086254,43574.1347370061,1.81524864596022e-05,68462.6767734761,0.384473197041208,43511.3201076057,2.73592034120604e-06,32163.4704192205,0.00256508982759649,134.386618783092,1.36518974983182e-05,2.26530754208861e-05,15553.7679338583,121371.585613094,0.380253624274811,0.388692769807604,43290.2541197075,43732.3860955039,1.27900825908383e-05,2.3514890328366e-05,5422.27475180385,131503.078795148,0.379445620979118,0.389500773103297,43247.9223347908,43774.7178804205
"79","I2746","III",14,TRUE,"gompertz.exp",FALSE,FALSE,100,NA,NA,NA,NA,NA,NA,NA,NA,NA,NA,NA,NA,NA,NA,NA,NA,NA,NA,NA,1.59795732295522e-06,104611.549421955,0.0927746623079962,12201.9656084338,2.3130140109725e-06,141912.32461343,0.0930867228644462,12169.0113998519,1.20009382206181e-06,48991.7641103255,0.00227787097882528,53.6531477468536,3.38859673680821e-07,4.28716834826417e-06,61320.8726519444,222503.776574915,0.0893396251042786,0.0968338206246138,12080.7519718083,12257.2708278954,-3.91698802686488e-08,4.66519790221364e-06,45888.4669571919,237936.182269668,0.0886220957459487,0.0975513499829437,12063.851230268,12274.1715694357
"80","I2746","III",20,FALSE,"logistic",FALSE,FALSE,100,2.32856199241323e-07,-21.5709098305119,0.00248009474931463,628.471121964427,2.48129762201671e-07,7258.0716744535,0.000127626063829826,-1.75317259580425e-07,6.41029658063072e-07,-11961.0988143065,11917.9569946455,0.00227014987431457,0.0026900396243147,-2.53478134673952e-07,7.19190533156598e-07,-14247.3913917594,14204.2495720983,0.00222994766420818,0.00273024183442109,1.38947433450691e-07,-5859.64174717789,0.0045441172710069,442.211487714482,NA,NA,NA,NA,NA,NA,NA,NA,NA,NA,NA,NA,NA,NA,NA,NA,NA,NA,NA,NA,NA,NA,NA,NA
"81","I2746","III",25,FALSE,"gompertz",FALSE,FALSE,100,1.20266169377394e-06,-6055.60275878036,0.00803946643654242,2087.61326439001,2.81129214893696e-06,16595.7787292391,0.00016207521409948,-3.42191389122736e-06,5.82723727877524e-06,-33355.6587683786,21244.4532508179,0.00777285270934877,0.00830608016373606,-4.30747091814251e-06,6.71279430569038e-06,-38583.3290680889,26472.1235505282,0.00772179901690743,0.0083571338561774,5.92612207474714e-07,-10897.9652483886,0.0120309591326567,2089.47536929186,NA,NA,NA,NA,NA,NA,NA,NA,NA,NA,NA,NA,NA,NA,NA,NA,NA,NA,NA,NA,NA,NA,NA,NA
"82","I2716","III",14,TRUE,"richards",FALSE,FALSE,100,8.89255793609156e-07,42673.3242513857,0.0923269721193718,15551.7921286041,3.74818403346301e-08,2906.50784077969,0.000934962490901543,8.27598166258689e-07,9.50913420959622e-07,37892.1188533031,47454.5296494683,0.0907889588218388,0.0938649854169049,8.15791386553281e-07,9.62720200665031e-07,36976.5688834575,48370.0796193139,0.0904944456372048,0.0941594986015389,3.45609246404903e-06,114969.195960583,0.103444690740118,15619.2214553582,5.97663787958516e-06,137561.972814085,0.105655291610526,15565.895904978,2.33848028872978e-06,16543.0654351973,0.00214458873883841,88.5129242292576,2.12983780462466e-06,9.82343795454565e-06,110348.630173185,164775.315454984,0.102127443135137,0.109183140085915,15420.2921446209,15711.4996653351,1.39321651367478e-06,1.05600592454955e-05,105137.564561098,169986.381067072,0.101451897682403,0.109858685538649,15392.4105734887,15739.3812364673
"83","I2716","III",25,FALSE,"logistic",FALSE,FALSE,100,7.50070285000901e-07,-10563.9174210068,0.0117358617239287,3035.27977755435,4.81899467380492e-07,8440.69368599752,0.000132641235181205,-4.26543388400094e-08,1.54279490884181e-06,-24448.8585344727,3321.02369245914,0.0115176668920556,0.0119540565558018,-1.94452671064865e-07,1.69459324106667e-06,-27107.6770455619,5979.84220354836,0.0114758849029735,0.0119958385448839,2.79859135351248e-07,-30121.6730154663,0.0149795314667007,3036.34284866551,NA,NA,NA,NA,NA,NA,NA,NA,NA,NA,NA,NA,NA,NA,NA,NA,NA,NA,NA,NA,NA,NA,NA,NA
"84","I2716","III",14,TRUE,"logistic",FALSE,FALSE,100,8.12988415174135e-07,31079.2151172674,0.072684410777058,13351.6164687457,8.18103589905469e-08,5032.50309056962,0.0014896481626058,6.78410374634685e-07,9.47566455713584e-07,22800.7475332804,39357.6827012545,0.0702339395495715,0.0751348820045446,6.52640111552663e-07,9.73336718795606e-07,21215.509059751,40942.9211747839,0.0697647003783506,0.0756041211757654,1.20868890568446e-05,232135.188086269,0.110074023896753,13610.6666517989,1.14128603960076e-05,230262.44718567,0.110559146858401,13566.924801882,3.31128935410646e-06,14610.5047991664,0.00110674199171473,129.274651603723,5.96578940850247e-06,1.68599313835127e-05,206228.166791042,254296.727580299,0.108738556282031,0.112379737434772,13354.2679999939,13779.5816037702,4.92273326195894e-06,1.79029875300563e-05,201625.857779304,258899.036592036,0.10838993255464,0.112728361162162,13313.5464847387,13820.3031190253
"85","I2716","III",0,TRUE,"logistic",FALSE,FALSE,100,6.50808656565043e-06,5684.39925158331,0.0569529352524072,14245.4457454936,1.06700631499753e-05,8284.13875207341,0.00391699571207739,-1.10441673160589e-05,2.40603404473597e-05,-7943.00899557745,19311.8074987441,0.0505094773060399,0.0633963931987745,-1.44052372083011e-05,2.74214103396019e-05,-10552.5127024806,21921.3112056472,0.0492756236567356,0.0646302468480789,3.54339171637799e-05,30060.3717918497,0.255038081944493,14248.6793732709,3.12476770461347e-05,33836.9898219539,0.256682753357469,14196.2424313847,5.43518804674473e-06,1427.33446226687,0.0022218267055439,69.385857225582,2.23067927092396e-05,4.01885613830298e-05,31489.0246315249,36184.9550123829,0.253027848426849,0.260337658288089,14082.1026962486,14310.3821665208,2.05947084745151e-05,4.19006456177544e-05,31039.4142759108,36634.5653679969,0.252327973014603,0.261037533700335,14060.2461512226,14332.2387115469
"86","I2716","III",1,TRUE,"gompertz.exp",FALSE,FALSE,100,NA,NA,NA,NA,NA,NA,NA,NA,NA,NA,NA,NA,NA,NA,NA,NA,NA,NA,NA,3.52731296512643e-05,33134.434010013,0.274679047049179,10776.685075919,3.2332582095173e-05,36356.3591939238,0.272121142254124,10770.8599223829,4.39015888357429e-06,3064.0470784897,0.0063649315878311,52.6687699597958,2.51107707316933e-05,3.95543934586528e-05,31316.0017498082,41396.7166380393,0.261650829792141,0.282591454716106,10684.2197957991,10857.5000489668,2.37278706833674e-05,4.09372935069787e-05,30350.8269200839,42361.8914677636,0.259645876341975,0.284596408166273,10667.6291332617,10874.0907115041
"87","I2716","III",3,TRUE,"logistic",FALSE,FALSE,100,3.57228881357958e-06,5568.84707089982,0.0603338507001099,14844.860046736,4.75669264715663e-06,12902.7617532508,0.00492787999534068,-4.25247059099307e-06,1.13970482181522e-05,-15656.1960131978,26793.8901549974,0.0522274881077745,0.0684402132924453,-5.75082877484741e-06,1.28954064020066e-05,-19720.5659654718,30858.2601072714,0.0506752059092422,0.0699924954909777,1.32107722191496e-05,29481.9820247881,0.280233109233236,14880.1975879611,1.39437190407915e-05,36896.3386490507,0.280585486267263,14866.3940125356,1.36926160441073e-06,6537.71963893574,0.00121728551458883,44.7706190380312,1.16912837015358e-05,1.61961543800471e-05,26141.7898430015,47650.8874551,0.278583051595765,0.282587920938762,14792.746344218,14940.0416808531,1.12599662961464e-05,1.66274717854365e-05,24082.4081567367,49710.2691413648,0.278199606658669,0.282971365875858,14778.643599221,14954.1444258501
"88","I2716","III",5,TRUE,"logistic",FALSE,FALSE,100,4.87629294007469e-06,10084.7935494428,0.0776168451866083,18792.8363932372,5.64314629115858e-06,10565.5130429128,0.00546809993446478,-4.40668270888118e-06,1.41592685890306e-05,-7295.47540614869,27465.0625050343,0.0686218207944137,0.0866118695788028,-6.18427379059614e-06,1.59368596707455e-05,-10623.6120146662,30793.1991135518,0.0668993693150573,0.0883343210581592,1.4157462486525e-05,27743.9339443091,0.318803452171579,18869.7031747233,1.80369501960178e-05,37198.9369108395,0.320156739346478,18828.8481920428,3.68926817430344e-06,5095.56557619799,0.00236765116618911,105.243068959116,1.19681040492886e-05,2.41057963427469e-05,28816.7315379938,45581.1422836852,0.316261953178097,0.324051525514859,18655.7233436051,19001.9730404806,1.0805984574383e-05,2.52679158176525e-05,27211.6283814914,47186.2454401875,0.315516143060747,0.324797335632208,18622.571776883,19035.1246072027
"89","I2716","III",7,TRUE,"gompertz.exp",FALSE,FALSE,100,NA,NA,NA,NA,NA,NA,NA,NA,NA,NA,NA,NA,NA,NA,NA,NA,NA,NA,NA,2.12098507020773e-05,34316.5953871408,0.28913113299909,19240.1094151631,2.17331993546376e-05,39006.5226475668,0.288895893584878,19212.0428054437,1.78141508382567e-06,3133.32488912155,0.00265021781878743,89.3154189618538,1.88027715417443e-05,2.46636271675308e-05,33852.2032049618,44160.8420901717,0.284536285272973,0.293255501896783,19065.1189412514,19358.9666696359,1.82416257903393e-05,2.52247729189359e-05,32865.2058648885,45147.839430245,0.283701466660055,0.294090320509701,19036.9845842785,19387.1010266089
"90","I2716","III",10,TRUE,"logistic",FALSE,FALSE,100,4.6215614485933e-06,22589.2787473308,0.0675649006791272,15560.7981147069,5.19831164623893e-06,9433.99602897517,0.00455405979134226,-3.92966120946973e-06,1.31727841066563e-05,7070.35527966663,38108.2022149949,0.0600734723223691,0.0750563290358852,-5.56712937803499e-06,1.48102522752216e-05,4098.64653053945,41079.9109641221,0.0586389434880963,0.076490857870158,8.946559552319e-06,34394.2921261517,0.26074597370153,15759.1969814154,1.12883207191105e-05,49763.3640072929,0.264196479394664,15746.1111697219,2.52765367506954e-06,7728.80235792961,0.00317164950925591,71.4294376505545,7.13033042362114e-06,1.54463110145999e-05,37049.4841284987,62477.2438860871,0.258979115951938,0.26941384283739,15628.6097447868,15863.6125946571,6.33411951597423e-06,1.62425219222468e-05,34614.9113857509,64911.816628835,0.257980046356522,0.270412912432806,15606.1094719268,15886.112867517
"91","I2716","III",14,TRUE,"gompertz.exp",FALSE,FALSE,100,NA,NA,NA,NA,NA,NA,NA,NA,NA,NA,NA,NA,NA,NA,NA,NA,NA,NA,NA,7.01791702832753e-06,212858.693850246,0.226383225535333,16623.2847515726,1.00184135070132e-05,217618.137085023,0.226222927653352,16487.2650832726,2.20027640804345e-06,18766.3626212783,0.00181606641893898,197.187221203661,6.39895881578171e-06,1.36378681982447e-05,186747.470573021,248488.803597026,0.223235498394197,0.229210356912506,16162.8921043926,16811.6380621527,5.70587174724803e-06,1.43309552667783e-05,180836.066347318,254400.207822729,0.222663437472231,0.229782417834472,16100.7781297135,16873.7520368318
"92","I2716","III",20,FALSE,"logistic",FALSE,FALSE,100,-2.05280909419258e-07,106799.044388122,0.00722632412222743,637.227376289162,4.0833302337818e-08,3947.00719685194,0.000254332802493007,-2.72451691764969e-07,-1.38110127073548e-07,100306.2175493,113291.871226943,0.00680794666212643,0.00764470158232843,-2.85314182001381e-07,-1.25247636837135e-07,99062.9102822917,114535.178493951,0.00672783182934114,0.00772481641511372,3.3007427366574e-07,-4857.80699228862,0.00843172375773418,890.133543156552,NA,NA,NA,NA,NA,NA,NA,NA,NA,NA,NA,NA,NA,NA,NA,NA,NA,NA,NA,NA,NA,NA,NA,NA
"93","I2716","III",25,FALSE,"gompertz",FALSE,FALSE,100,3.38512562132038e-06,-2068.10228842835,0.012791784819897,3319.10390226775,3.73459630180845e-06,3024.78587829867,0.000224064778150017,-2.75828529515452e-06,9.52853653779527e-06,-7043.87505822966,2907.67048137296,0.0124231982598403,0.0131603713799538,-3.93468313022418e-06,1.07049343728649e-05,-7996.68260989374,3860.47803303704,0.012352617854723,0.0132309517850711,1.66089310531344e-06,-4621.62960409539,0.0180342023914836,3321.38874277071,NA,NA,NA,NA,NA,NA,NA,NA,NA,NA,NA,NA,NA,NA,NA,NA,NA,NA,NA,NA,NA,NA,NA,NA
"94","I2716","III",20,FALSE,"logistic",FALSE,FALSE,100,1.09090680602626e-06,6869.90869168312,0.00397613165312167,599.660112412005,1.39562919604974e-06,2678.46969504312,0.000186921764550551,-1.20490322147556e-06,3.38671683352808e-06,2463.82604333718,11275.9913400291,0.00366864535043602,0.00428361795580733,-1.64452641823123e-06,3.82634003028374e-06,1620.1080893986,12119.7092939676,0.00360976499460259,0.00434249831164075,3.66122823687114e-07,2741.98697993565,0.00651380835058691,587.717917769735,NA,NA,NA,NA,NA,NA,NA,NA,NA,NA,NA,NA,NA,NA,NA,NA,NA,NA,NA,NA,NA,NA,NA,NA
"95","I2716","III",25,FALSE,"logistic",FALSE,FALSE,100,1.07143377583876e-06,-5144.18564950513,0.0131569274776841,3388.47407350993,5.16562667973152e-07,4003.80626804729,0.000185877568961199,2.21688187022922e-07,1.92117936465459e-06,-11730.4469604429,1442.07566143266,0.012851158876743,0.0134626960786253,5.89709466113793e-08,2.08389660506614e-06,-12991.6459348778,2703.27463586755,0.0127926074425202,0.0135212475128481,8.01765484129253e-07,-7734.83417272359,0.0180333913746414,3390.14264466594,NA,NA,NA,NA,NA,NA,NA,NA,NA,NA,NA,NA,NA,NA,NA,NA,NA,NA,NA,NA,NA,NA,NA,NA
"96","I2716","III",20,FALSE,"logistic",FALSE,FALSE,100,7.54971682994345e-07,3378.45543877913,0.00614012472382845,989.473056200763,4.93529972448613e-07,3056.78314150873,0.000221092272029038,-5.68851216836237e-08,1.56682848767231e-06,-1649.95282900274,8406.86370656099,0.00577642793634069,0.00650382151131622,-2.12347063004937e-07,1.72229042899363e-06,-2612.83951857799,9369.75039613625,0.00570678387065154,0.00657346557700537,4.24367024391681e-07,-207.538070281241,0.00860635058721062,898.723246328345,NA,NA,NA,NA,NA,NA,NA,NA,NA,NA,NA,NA,NA,NA,NA,NA,NA,NA,NA,NA,NA,NA,NA,NA
