"","TestId","AddId","concentration","reliability","used.model","log.x","log.y","nboot.gc","mu.model","lambda.model","A.model","integral.model","stdmu.model","stdlambda.model","stdA.model","ci90.mu.model.lo","ci90.mu.model.up","ci90.lambda.model.lo","ci90.lambda.model.up","ci90.A.model.lo","ci90.A.model.up","ci95.mu.model.lo","ci95.mu.model.up","ci95.lambda.model.lo","ci95.lambda.model.up","ci95.A.model.lo","ci95.A.model.up","mu.spline","lambda.spline","A.spline","integral.spline","mu.bt","lambda.bt","A.bt","integral.bt","stdmu.bt","stdlambda.bt","stdA.bt","stdintegral.bt","ci90.mu.bt.lo","ci90.mu.bt.up","ci90.lambda.bt.lo","ci90.lambda.bt.up","ci90.A.bt.lo","ci90.A.bt.up","ci90.integral.bt.lo","ci90.integral.bt.up","ci95.mu.bt.lo","ci95.mu.bt.up","ci95.lambda.bt.lo","ci95.lambda.bt.up","ci95.A.bt.lo","ci95.A.bt.up","ci95.integral.bt.lo","ci95.integral.bt.up"
"1","I2746","V",0,TRUE,"gompertz.exp",FALSE,FALSE,100,NA,NA,NA,NA,NA,NA,NA,NA,NA,NA,NA,NA,NA,NA,NA,NA,NA,NA,NA,2.70719910130392e-05,54792.3853742129,0.32302207953477,22185.6672643755,2.68052147388561e-05,58346.6966898086,0.321882393087833,22133.9802026819,5.2548714894786e-06,8128.21349313201,0.00524664599925561,73.462640834996,1.81609511386638e-05,3.54494783390484e-05,44975.7854936064,71717.6078860107,0.313251660419057,0.330513125756608,22013.1341585083,22254.8262468554,1.6505666619478e-05,3.71047628582342e-05,42415.3982432698,74277.9951363473,0.311598966929292,0.332165819246374,21989.9934266453,22277.9669787185
"2","I2746","V",10,TRUE,"logistic",FALSE,FALSE,100,1.49951622358036e-05,31603.5835312258,0.218266692051669,48317.5567598777,7.97175023376953e-06,4439.07942341594,0.00708413669088508,1.88163310125271e-06,2.81086913703545e-05,24301.2978797066,38905.8691827451,0.206613287195163,0.229920096908175,-6.29468222384693e-07,3.06197926939919e-05,22902.9878613306,40304.1792011211,0.204381784137534,0.232151599965804,3.49520328624885e-05,41819.9623196496,0.437007935038457,49136.1413862443,3.15202319128454e-05,42537.525998923,0.437059353477614,49097.6273079946,4.88440446220694e-06,4436.71855890632,0.00258698265309191,64.0764723383366,2.3485386572515e-05,3.95550772531758e-05,35239.1239695221,49835.9280283239,0.432803767013277,0.44131493994195,48992.221510998,49203.0331049912,2.19467991669198e-05,4.1093664658771e-05,33841.5576234666,51233.4943743794,0.431988867477553,0.442129839477674,48972.0374222115,49223.2171937777
"3","I2746","V",50,TRUE,"logistic",FALSE,FALSE,100,1.65884623975322e-05,49650.9422385471,0.194255824665845,39772.8978249932,1.11182749151e-05,4503.94818128945,0.00738527314601609,-1.70109983780727e-06,3.48780246328716e-05,42241.9474803259,57059.9369967682,0.182107050340649,0.206404598991042,-5.20335643606376e-06,3.83802812311281e-05,40823.2038032197,58478.6806738744,0.179780689299654,0.208730960032037,3.37502461139748e-05,57689.6978484274,0.442608896947114,40419.407583751,3.34672647830142e-05,60125.4012652364,0.441570926589124,40369.9410341418,5.33899835708138e-06,4357.88117649771,0.00444782497403223,78.757040899391,2.46846124856153e-05,4.2249917080413e-05,52956.6867298977,67294.1158005752,0.434254254506841,0.448887598671407,40240.3857018623,40499.4963664213,2.30028280031347e-05,4.39317015628937e-05,51583.9541593009,68666.8483711719,0.432853189640021,0.450288663538227,40215.577233979,40524.3048343046
"4","I2746","V",100,TRUE,"gompertz",FALSE,FALSE,100,1.38595539895884e-05,185353.145096472,0.50091364211245,27077.5477007078,5.26581326711062e-07,678.376812653278,0.00581520748569799,1.29933277071487e-05,1.47257802720281e-05,184237.215239658,186469.074953287,0.491347625798477,0.510479658426423,1.28274545892347e-05,1.4891653389942e-05,184023.526543672,186682.763649273,0.489515835440482,0.512311448784418,2.70477549680113e-05,193978.179697518,0.562766864958989,27489.8352502939,3.19487543565621e-05,209519.417795014,0.560621807341804,27200.8877214389,1.28491027004069e-05,16545.0592404632,0.00545092460238784,634.123589788828,1.08119804143928e-05,5.30855282987314e-05,182302.795344452,236736.040245576,0.551655036370876,0.569588578312732,26157.7544162363,28244.0210266416,6.76451306376463e-06,5.71329956493596e-05,177091.101683706,241947.733906322,0.549937995121124,0.571305619562484,25958.0054854528,28443.769957425
"5","I2746","V",150,FALSE,"gompertz.exp",FALSE,FALSE,100,NA,NA,NA,NA,NA,NA,NA,NA,NA,NA,NA,NA,NA,NA,NA,NA,NA,NA,NA,9.37405989013108e-08,1446.97830011164,0.00455035795015675,417.339312095029,NA,NA,NA,NA,NA,NA,NA,NA,NA,NA,NA,NA,NA,NA,NA,NA,NA,NA,NA,NA,NA,NA,NA,NA
"6","NEG","V",0,TRUE,"gompertz.exp",FALSE,FALSE,100,NA,NA,NA,NA,NA,NA,NA,NA,NA,NA,NA,NA,NA,NA,NA,NA,NA,NA,NA,0,NA,0,0,NA,NA,NA,NA,NA,NA,NA,NA,NA,NA,NA,NA,NA,NA,NA,NA,NA,NA,NA,NA,NA,NA,NA,NA
"7","NEG","V",10,TRUE,"gompertz.exp",FALSE,FALSE,100,NA,NA,NA,NA,NA,NA,NA,NA,NA,NA,NA,NA,NA,NA,NA,NA,NA,NA,NA,0,NA,0,0,NA,NA,NA,NA,NA,NA,NA,NA,NA,NA,NA,NA,NA,NA,NA,NA,NA,NA,NA,NA,NA,NA,NA,NA
"8","NEG","V",50,TRUE,"gompertz.exp",FALSE,FALSE,100,NA,NA,NA,NA,NA,NA,NA,NA,NA,NA,NA,NA,NA,NA,NA,NA,NA,NA,NA,0,NA,0,0,NA,NA,NA,NA,NA,NA,NA,NA,NA,NA,NA,NA,NA,NA,NA,NA,NA,NA,NA,NA,NA,NA,NA,NA
"9","NEG","V",100,TRUE,"gompertz.exp",FALSE,FALSE,100,NA,NA,NA,NA,NA,NA,NA,NA,NA,NA,NA,NA,NA,NA,NA,NA,NA,NA,NA,0,NA,0,0,NA,NA,NA,NA,NA,NA,NA,NA,NA,NA,NA,NA,NA,NA,NA,NA,NA,NA,NA,NA,NA,NA,NA,NA
"10","NEG","V",150,TRUE,"gompertz.exp",FALSE,FALSE,100,NA,NA,NA,NA,NA,NA,NA,NA,NA,NA,NA,NA,NA,NA,NA,NA,NA,NA,NA,0,NA,0,0,NA,NA,NA,NA,NA,NA,NA,NA,NA,NA,NA,NA,NA,NA,NA,NA,NA,NA,NA,NA,NA,NA,NA,NA
"11","NEG","V",200,TRUE,"gompertz.exp",FALSE,FALSE,100,NA,NA,NA,NA,NA,NA,NA,NA,NA,NA,NA,NA,NA,NA,NA,NA,NA,NA,NA,0,NA,0,0,NA,NA,NA,NA,NA,NA,NA,NA,NA,NA,NA,NA,NA,NA,NA,NA,NA,NA,NA,NA,NA,NA,NA,NA
"12","I2746","V",0,TRUE,"logistic",FALSE,FALSE,100,2.55843461981908e-06,13312.0431770656,0.09236912784584,21116.6813448569,6.5585964254453e-07,5289.77193060416,0.0022980114924899,1.47954550783333e-06,3.63732373180483e-06,4610.36835122173,22013.7180029094,0.0885888989406941,0.0961493567509859,1.2729497204318e-06,3.84391951920636e-06,2944.09019308142,23679.9961610497,0.0878650253205598,0.0968732303711202,1.84898367998133e-05,56309.813374361,0.25732236504612,21281.2815768244,1.96158996596206e-05,62756.4335470728,0.256926145046613,21258.4611626784,2.39423882704091e-06,3055.25092653505,0.00709441222804934,68.9965273612627,1.56773767891383e-05,2.35544225301029e-05,57730.5457729227,67782.321321223,0.245255836931472,0.268596453161754,21144.9618751691,21371.9604501876,1.49231915586205e-05,2.43086077606208e-05,56768.1417310641,68744.7253630815,0.243021097079636,0.27083119301359,21123.2279690503,21393.6943563064
"13","I2746","V",10,TRUE,"logistic",FALSE,FALSE,100,1.28180165763805e-05,30474.4948509815,0.178576509482295,39788.7282707468,1.05992350208199e-05,6609.38003608446,0.00877895573611565,-4.61772503286834e-06,3.02537581856293e-05,19602.0646916226,41346.9250103405,0.164135127296385,0.193017891668206,-7.95648406442662e-06,3.35925172171875e-05,17520.109980256,43428.8797217071,0.161369756239509,0.195783262725082,2.95763352529778e-05,40875.2305344106,0.41495540647819,40394.7369113887,2.91996953199638e-05,44218.34074362,0.414273626029443,40353.4943348571,3.40471686093786e-06,4139.70814547864,0.00147817202252789,64.3612086449855,2.3598936083721e-05,3.48004545562065e-05,37408.5208443077,51028.1606429324,0.411842033052385,0.416705219006502,40247.6201466361,40459.3685230781,2.25264502725256e-05,3.5872940367402e-05,36104.5127784819,52332.1687087582,0.411376408865289,0.417170843193598,40227.3463659129,40479.6423038012
"14","I2746","V",50,TRUE,"logistic",FALSE,FALSE,100,2.11651168441005e-05,58926.3783358614,0.283641712099377,55203.4139555487,6.76417010952773e-06,2456.67487933007,0.00566998044916695,1.00380570139274e-05,3.22921766742736e-05,54885.1481593634,62967.6085123594,0.274314594260497,0.292968829938257,7.90734342942614e-06,3.44228902587749e-05,54111.2955723745,63741.4610993483,0.27252855041901,0.294754873779744,4.64241338543613e-05,103380.812069444,0.45691150447654,55888.4486907981,6.2640022655008e-05,129089.762402407,0.458106832526312,55768.3211459533,2.71042748640604e-05,33595.5554462815,0.00714880365447523,427.811109730567,1.80534905036286e-05,0.000107226554806387,73825.0736932743,184354.45111154,0.4463470505147,0.469866614537923,55064.5718704465,56472.0704214601,9.51564392144957e-06,0.000115764401388566,63242.4737276956,194937.051077119,0.44409517736354,0.472118487689083,54929.8113708814,56606.8309210252
"15","I2746","V",100,FALSE,"gompertz.exp",FALSE,FALSE,100,NA,NA,NA,NA,NA,NA,NA,NA,NA,NA,NA,NA,NA,NA,NA,NA,NA,NA,NA,1.34811931799753e-07,145177.056011698,0.00471524300312148,827.854884524655,NA,NA,NA,NA,NA,NA,NA,NA,NA,NA,NA,NA,NA,NA,NA,NA,NA,NA,NA,NA,NA,NA,NA,NA
"16","I2746","V",150,FALSE,"gompertz.exp",FALSE,FALSE,100,NA,NA,NA,NA,NA,NA,NA,NA,NA,NA,NA,NA,NA,NA,NA,NA,NA,NA,NA,1.47605613923644e-07,-13158.2310406346,0.00253282104019562,132.217361587821,NA,NA,NA,NA,NA,NA,NA,NA,NA,NA,NA,NA,NA,NA,NA,NA,NA,NA,NA,NA,NA,NA,NA,NA
"17","I2747","V",0,TRUE,"richards",FALSE,FALSE,100,2.36050054336844e-05,72439.6774350398,0.390450633822714,70507.2655191234,4.64357922809247e-07,223.287355298417,0.000479553466522917,2.28411366506632e-05,2.43688742167056e-05,72072.3697355739,72806.9851345057,0.389661768370284,0.391239499275145,2.26948639049783e-05,2.45151469623905e-05,72002.0342186549,72877.3206514247,0.389510709028329,0.391390558617099,2.84976227586202e-05,73867.3653435337,0.397604640621146,71048.8885999134,2.87580485436971e-05,72999.2781328928,0.398394154239412,70836.2643190959,2.35284830423693e-06,6131.22466757493,0.00109056564379825,290.219241634349,2.48876130832273e-05,3.26284840041668e-05,62913.4135547321,83085.1427110536,0.396600173755364,0.40018813472346,70358.8536666074,71313.6749715844,2.41464658673927e-05,3.33696312200014e-05,60982.077784446,85016.4784813397,0.396256645577567,0.400531662901257,70267.4346054926,71405.0940326992
"18","I2747","V",10,TRUE,"logistic",FALSE,FALSE,100,1.80346737344205e-05,147481.247331327,0.673360146834372,63364.3345073755,3.38410923966157e-07,394.944386500799,0.00223811130297016,1.74779877644962e-05,1.85913597043448e-05,146831.563815533,148130.930847121,0.669678453740986,0.677041839927758,1.73713883234469e-05,1.86979591453942e-05,146707.156333786,148255.338328869,0.66897344868055,0.677746844988193,2.57015000088089e-05,152421.795897275,0.702162405317117,64848.0902993986,2.91521739738907e-05,167262.850694837,0.704042772378234,64439.4532694725,4.1004951069945e-06,17353.1702579597,0.00505253593461681,643.728553444678,2.24068595228848e-05,3.58974884248967e-05,138716.885620494,195808.815769181,0.69573135076579,0.712354193990679,63380.519799056,65498.386739889,2.11152035641815e-05,3.71891443836e-05,133250.636989236,201275.064400439,0.694139801946385,0.713945742810083,63177.7453047209,65701.161234224
"19","I2747","V",50,FALSE,"gompertz.exp",FALSE,FALSE,100,NA,NA,NA,NA,NA,NA,NA,NA,NA,NA,NA,NA,NA,NA,NA,NA,NA,NA,NA,1.33958403385842e-07,-83364.6524737392,0.0120720766616769,2839.77130355149,NA,NA,NA,NA,NA,NA,NA,NA,NA,NA,NA,NA,NA,NA,NA,NA,NA,NA,NA,NA,NA,NA,NA,NA
"20","I2747","V",100,FALSE,"gompertz.exp",FALSE,FALSE,100,NA,NA,NA,NA,NA,NA,NA,NA,NA,NA,NA,NA,NA,NA,NA,NA,NA,NA,NA,1.9830595568253e-07,141629.251215352,0.00680216620359195,1384.52449902223,NA,NA,NA,NA,NA,NA,NA,NA,NA,NA,NA,NA,NA,NA,NA,NA,NA,NA,NA,NA,NA,NA,NA,NA
"21","I2747","V",150,FALSE,"gompertz.exp",FALSE,FALSE,100,NA,NA,NA,NA,NA,NA,NA,NA,NA,NA,NA,NA,NA,NA,NA,NA,NA,NA,NA,4.3653959668421e-07,-6468.26455283664,0.00603185006747231,945.547061346609,NA,NA,NA,NA,NA,NA,NA,NA,NA,NA,NA,NA,NA,NA,NA,NA,NA,NA,NA,NA,NA,NA,NA,NA
"22","I2747","V",200,FALSE,"gompertz.exp",FALSE,FALSE,100,NA,NA,NA,NA,NA,NA,NA,NA,NA,NA,NA,NA,NA,NA,NA,NA,NA,NA,NA,3.69644674277292e-07,4246.37823548097,0.00132476424676937,12.0727766064245,NA,NA,NA,NA,NA,NA,NA,NA,NA,NA,NA,NA,NA,NA,NA,NA,NA,NA,NA,NA,NA,NA,NA,NA
"23","I2746","V",0,TRUE,"gompertz",FALSE,FALSE,100,4.08982479599026e-06,10840.4382637027,0.108283778536415,25343.6019182105,1.56712518698136e-06,5551.23513363757,0.00358925338823993,1.51190386340592e-06,6.6677457285746e-06,1708.65646886887,19972.2200585365,0.10237945671276,0.114188100360069,1.01825942950679e-06,7.16139016247373e-06,-39.9825982269667,21720.8591256323,0.101248841895464,0.115318715177365,2.5240299875801e-05,52647.2509823858,0.356764647911203,25573.0359739677,2.51267774223481e-05,59466.0084334551,0.351513588791431,25481.3067855354,2.36973863005893e-06,3429.6915882191,0.0105321675029238,117.421542896646,2.12285573759012e-05,2.90249974687951e-05,53824.1657708347,65107.8510960755,0.334188173249121,0.368839004333741,25288.1483474704,25674.4652236004,2.04820897074326e-05,2.97714651372636e-05,52743.8129205457,66188.2039463645,0.3308705404857,0.372156637097161,25251.160561458,25711.4530096128
"24","I2746","V",10,TRUE,"logistic",FALSE,FALSE,100,1.39266888858372e-05,30755.2354852561,0.190237961673043,42359.463679409,9.66744562341276e-06,5440.46140150832,0.00777265261413384,-1.9762591646768e-06,2.98296369363512e-05,21805.6764797749,39704.7944907373,0.177451948122792,0.203023975223293,-5.02150453605182e-06,3.28748823077262e-05,20091.9311382998,41418.5398322124,0.17500356254934,0.205472360796745,3.79721270691503e-05,42031.5275865888,0.438765850088549,43000.9850102465,3.5273949976283e-05,43065.973743209,0.438493817991183,42960.0127140843,4.18233109839182e-06,3623.14782826915,0.00211630283659602,65.3412835130878,2.83940153194284e-05,4.21538846331375e-05,37105.8955657062,49026.0519207117,0.435012499824982,0.441975136157383,42852.5263027053,43067.4991254634,2.7076581023435e-05,4.3471318929131e-05,35964.6039998015,50167.3434866165,0.434345864431455,0.442641771550911,42831.9437983987,43088.08162977
"25","I2746","V",50,TRUE,"logistic",FALSE,FALSE,100,2.82636894953748e-05,52762.3981793487,0.421834116229796,84377.8387231966,1.0476247881596e-05,3172.41754648692,0.0102065087929105,1.10302617301494e-05,4.54971172606001e-05,47543.7713153777,57981.0250433197,0.405044409265458,0.438623823194133,7.73024364744668e-06,4.87971353433028e-05,46544.4597882344,58980.3365704631,0.401829358995691,0.4418388734639,3.84190587914467e-05,56054.9774957057,0.652532858831188,85222.8226620706,3.77691946548059e-05,59638.9965118196,0.65181565979649,85086.9118488863,3.23719988068617e-06,10244.9513744163,0.00179649765285267,231.663598378138,3.24440008510771e-05,4.30943884585346e-05,42786.0515009048,76491.9415227345,0.648860421157547,0.654770898435433,84705.8252295543,85467.9984682184,3.1424282888661e-05,4.41141064209508e-05,39558.8918179636,79719.1012056757,0.648294524396899,0.655336795196081,84632.8511960652,85540.9725017075
"26","I2746","V",100,FALSE,"gompertz.exp",FALSE,FALSE,100,NA,NA,NA,NA,NA,NA,NA,NA,NA,NA,NA,NA,NA,NA,NA,NA,NA,NA,NA,1.01188725073153e-07,4292.46162242202,0.0045161476176375,708.327577045852,NA,NA,NA,NA,NA,NA,NA,NA,NA,NA,NA,NA,NA,NA,NA,NA,NA,NA,NA,NA,NA,NA,NA,NA
"27","I2746","V",150,FALSE,"gompertz.exp",FALSE,FALSE,100,NA,NA,NA,NA,NA,NA,NA,NA,NA,NA,NA,NA,NA,NA,NA,NA,NA,NA,NA,2.62359092746306e-08,104680.273831213,0.00537313027525108,832.407038892404,NA,NA,NA,NA,NA,NA,NA,NA,NA,NA,NA,NA,NA,NA,NA,NA,NA,NA,NA,NA,NA,NA,NA,NA
"28","I2747","V",0,TRUE,"richards",FALSE,FALSE,100,2.90574150996637e-05,74075.180458423,0.310553500843994,56804.4119802065,6.90927795798911e-06,1968.46513668083,0.00241708749372127,1.76916528587716e-05,4.04231773405558e-05,70837.055308583,77313.305608263,0.306577391916823,0.314529609771166,1.5515230302005e-05,4.25995998973223e-05,70216.9887905286,77933.3721263174,0.305816009356301,0.315290992331688,3.03821440928844e-05,74207.4772558972,0.369159523211931,57151.4922581093,2.87908212766603e-05,73699.6419254848,0.37115142797477,56982.6908494832,4.01656335383459e-06,5946.40222782241,0.00196524253577672,280.725187283127,2.21835745596024e-05,3.53980679937182e-05,63917.810260717,83481.4735902527,0.367918604003417,0.374384251946123,56520.8979164024,57444.4837825639,2.09183571031445e-05,3.66632854501761e-05,62044.6935589529,85354.5902920168,0.367299552604648,0.375003303344892,56432.4694824083,57532.9122165581
"29","I2747","V",10,TRUE,"richards",FALSE,FALSE,100,2.46381546180809e-05,161596.413527254,0.654941724070259,56916.348855088,3.15769964292207e-07,231.456785011926,0.00108449249160549,2.41187130268202e-05,2.51575962093415e-05,161215.667115909,161977.159938598,0.653157733921568,0.65672571421895,2.40192454880681e-05,2.52570637480936e-05,161142.75822863,162050.068825877,0.652816118786712,0.657067329353806,2.44459725024544e-05,161502.346206213,0.66730990434683,57817.5559799298,2.72745894749449e-05,168500.010520153,0.670832280426822,57303.4624881814,3.50723158894944e-06,11364.1892381471,0.00244917541210965,804.668914673294,2.15051935111231e-05,3.30439854387668e-05,149805.919223401,187194.101816905,0.666803386873901,0.674861173979742,55979.7821235439,58627.142852819,2.0400415560604e-05,3.41487633892858e-05,146226.199613385,190773.821426922,0.666031896619087,0.675632664234557,55726.3114154218,58880.6135609411
"30","I2747","V",50,FALSE,"gompertz.exp",FALSE,FALSE,100,NA,NA,NA,NA,NA,NA,NA,NA,NA,NA,NA,NA,NA,NA,NA,NA,NA,NA,NA,2.91487881728977e-07,-23805.1136278826,0.0101989354412011,2077.26205471565,NA,NA,NA,NA,NA,NA,NA,NA,NA,NA,NA,NA,NA,NA,NA,NA,NA,NA,NA,NA,NA,NA,NA,NA
"31","I2747","V",100,FALSE,"gompertz.exp",FALSE,FALSE,100,NA,NA,NA,NA,NA,NA,NA,NA,NA,NA,NA,NA,NA,NA,NA,NA,NA,NA,NA,1.78995768186959e-07,-5091.50273464311,0.00587525504155166,1218.3678543422,NA,NA,NA,NA,NA,NA,NA,NA,NA,NA,NA,NA,NA,NA,NA,NA,NA,NA,NA,NA,NA,NA,NA,NA
"32","I2747","V",150,FALSE,"gompertz.exp",FALSE,FALSE,100,NA,NA,NA,NA,NA,NA,NA,NA,NA,NA,NA,NA,NA,NA,NA,NA,NA,NA,NA,6.87659359503395e-07,-12276.6887474105,0.0123437244412052,2541.84941035463,NA,NA,NA,NA,NA,NA,NA,NA,NA,NA,NA,NA,NA,NA,NA,NA,NA,NA,NA,NA,NA,NA,NA,NA
"33","I2747","V",200,FALSE,"gompertz.exp",FALSE,FALSE,100,NA,NA,NA,NA,NA,NA,NA,NA,NA,NA,NA,NA,NA,NA,NA,NA,NA,NA,NA,2.25680035354472e-07,-14386.2614502621,0.00471795316941446,820.430011588535,NA,NA,NA,NA,NA,NA,NA,NA,NA,NA,NA,NA,NA,NA,NA,NA,NA,NA,NA,NA,NA,NA,NA,NA
"34","I2759","V",0,TRUE,"gompertz",FALSE,FALSE,100,1.47076802565587e-05,-2602.75377895198,0.733304744362277,171133.814870317,3.74676074632617e-07,702.804284965927,0.00217440840738388,1.40913381137881e-05,1.53240223993294e-05,-3758.86682772093,-1446.64073018303,0.729727842532131,0.736881646192424,1.39733151502788e-05,1.54420453628387e-05,-3980.2501774852,-1225.25738041877,0.729042903883805,0.73756658484075,4.91907482369222e-05,-589.642616296671,0.775680826433012,170914.38655408,6.580714347653e-05,4947.62112700828,0.774879866100292,170432.643333958,5.40306678268973e-05,4927.91253172174,0.000679532472496842,850.142385862024,-2.3073305098716e-05,0.000154687592051776,-3158.79498767398,13054.0372416905,0.773762035183034,0.775997697017549,169034.159109215,171831.127558701,-4.00929654641887e-05,0.000171707252417249,-4711.08743516633,14606.3296891829,0.773547982454198,0.776211749746386,168766.364257669,172098.922410248
"35","I2759","V",10,TRUE,"gompertz",FALSE,FALSE,100,1.69984099561337e-05,20377.4560567157,0.560274860251243,123680.166746068,1.1229650671954e-06,1186.80651124655,0.00374936380334299,1.51511324205973e-05,1.88456874916701e-05,18425.1593457151,22329.7527677162,0.554107156794744,0.566442563707742,1.47973984244307e-05,1.91994214878367e-05,18051.3152946724,22703.5968187589,0.552926107196691,0.567623613305795,2.26562718157107e-05,22547.3172851786,0.65467494000268,123861.913768402,2.18553694718647e-05,12817.3797895582,0.655862427168125,123478.400959155,1.11740282799231e-06,13240.0131549049,0.00282867137687295,543.705089517604,2.00172418198174e-05,2.36934971239121e-05,-8962.44185026045,34597.2014293768,0.651209262753169,0.660515591583081,122584.006086899,124372.795831412,1.96652599289998e-05,2.40454790147297e-05,-13133.0459940555,38767.8055731719,0.650318231269454,0.661406623066796,122412.738983701,124544.06293461
"36","I2759","V",50,TRUE,"gompertz",FALSE,FALSE,100,1.27976122788967e-05,72238.6008944048,0.511455180991812,84300.0512645924,7.72573806770126e-07,1299.53119064684,0.00420022371831477,1.15267283667599e-05,1.40684961910336e-05,70100.8720857908,74376.3297030189,0.504545812975184,0.518364549008439,1.12833676176273e-05,1.43118569401662e-05,69691.519760737,74785.6820280726,0.503222742503915,0.519687619479708,1.41548603916597e-05,73854.5531858289,0.634863790806936,85164.8375197011,1.5828259554493e-05,68181.9122793626,0.633222675338188,84801.1146239692,1.0104225836521e-06,19121.0491012993,0.00197833494410471,517.854132802035,1.41661144043853e-05,1.74904047046007e-05,36727.7865077252,99636.038051,0.629968314355136,0.63647703632124,83949.2445755098,85652.9846724285,1.38478312905349e-05,1.78086878184511e-05,30704.6560408159,105659.168517909,0.629345138847743,0.637100211828633,83786.1205236772,85816.1087242612
"37","I2759","V",100,TRUE,"gompertz",FALSE,FALSE,100,8.85584994609503e-06,109169.587069861,0.56067683854368,64165.4634665589,1.11993952083434e-07,406.095337482296,0.00180895723597703,8.67161989491778e-06,9.04007999727228e-06,108501.560239703,109837.613900019,0.557701103890498,0.563652573196863,8.6363418000115e-06,9.07535809217856e-06,108373.640208396,109965.533931326,0.557131282361165,0.564222394726195,1.23744781051705e-05,113656.965129767,0.579532064956479,65207.2726356919,1.59404111136833e-05,115998.014321027,0.583496142286348,64873.1707762683,1.0078399986863e-05,39066.7513319104,0.00424533622431238,553.068493556588,-6.38556864706348e-07,3.25193790920729e-05,51733.2083800343,180262.82026202,0.576512564197354,0.590479720375342,63963.3731043677,65782.9684481689,-3.81325286056819e-06,3.56940750879347e-05,39427.1817104825,192568.846931571,0.575175283286696,0.591817001286,63789.1565288974,65957.1850236392
"38","I2759","V",150,TRUE,"gompertz",FALSE,FALSE,100,7.12605908724132e-06,106403.105190253,0.563386321457248,61055.6661335814,9.5767684787117e-08,517.062493149274,0.00254792724882157,6.96852124576651e-06,7.28359692871613e-06,105552.537389022,107253.672991483,0.559194981132936,0.567577661781559,6.93835442505857e-06,7.31376374942407e-06,105389.66270368,107416.547676826,0.558392384049557,0.568380258864938,9.29995452184703e-06,113125.219335389,0.578375416946344,62454.504853397,1.14414198920842e-05,119208.989903991,0.577350233470604,62186.2138237977,2.73521200235121e-06,35173.0409731659,0.00200730169796352,461.818308575342,6.94199614821645e-06,1.59408436359519e-05,61349.3375031332,177068.642304849,0.574048222177454,0.580652244763754,61426.5227061913,62945.9049414042,6.08040436747582e-06,1.68024354166926e-05,50269.829596586,188148.150211396,0.573415922142596,0.581284544798613,61281.0499389901,63091.3777086054
"39","I2759","V",200,FALSE,"gompertz.exp",FALSE,FALSE,100,NA,NA,NA,NA,NA,NA,NA,NA,NA,NA,NA,NA,NA,NA,NA,NA,NA,NA,NA,1.00829782314024e-07,39072.7290335074,0.00322509703039656,59.4198705656905,NA,NA,NA,NA,NA,NA,NA,NA,NA,NA,NA,NA,NA,NA,NA,NA,NA,NA,NA,NA,NA,NA,NA,NA
"40","I2747","V",0,TRUE,"gompertz",FALSE,FALSE,100,1.63867701793737e-05,68615.8852070874,0.432435651058281,76248.5250131795,7.32307743417849e-07,642.745109191996,0.00195959193539421,1.51821239414514e-05,1.75914164172961e-05,67558.5695024665,69673.2009117082,0.429212122324558,0.435659179792005,1.49514470022748e-05,1.78220933564727e-05,67356.104793071,69875.6656211037,0.428594850864909,0.436276451251654,2.86031219675677e-05,73977.1079190892,0.462003894276265,76645.7815242603,2.86219203718344e-05,71382.1860699119,0.46235907277795,76311.3855789588,3.70492647019776e-06,7053.8521731324,0.000425490903913782,555.931281714618,2.25273163283591e-05,3.47165244153098e-05,59778.5992451091,82985.7728947147,0.461659140241012,0.463059005314888,75396.8786205382,77225.8925373793,2.13602644902468e-05,3.58835762534221e-05,57556.6358105724,85207.7363292514,0.461525110606279,0.463193034949621,75221.7602667981,77401.0108911194
"41","I2747","V",10,TRUE,"logistic",FALSE,FALSE,100,2.0783603381315e-05,161164.234967133,0.547309101710862,47024.7141637346,4.35260117152129e-07,312.766516047599,0.00169407380841954,2.00676004885997e-05,2.14996062740302e-05,160649.734048235,161678.735886031,0.544522350296012,0.550095853125712,1.99304935516968e-05,2.16367132109332e-05,160551.21259568,161777.257338586,0.54398871704636,0.550629486375364,2.44591340660206e-05,164042.525556745,0.575771387861903,48182.4593660408,2.92859274395385e-05,176024.445588181,0.578358289903589,47835.7871355525,6.32604105501686e-06,12941.0488908418,0.00334017596211772,590.539199754286,1.88795899040357e-05,3.96922649750412e-05,154736.420162746,197312.471013615,0.572863700445906,0.583852879361273,46864.3501519567,48807.2241191483,1.68868869717054e-05,4.16849679073715e-05,150659.989762131,201388.901414231,0.571811545017839,0.58490503478934,46678.3303040341,48993.2439670709
"42","I2747","V",50,FALSE,"gompertz.exp",FALSE,FALSE,100,NA,NA,NA,NA,NA,NA,NA,NA,NA,NA,NA,NA,NA,NA,NA,NA,NA,NA,NA,2.21548535300948e-07,-26916.9087628243,0.00796878198553735,1543.70798767098,NA,NA,NA,NA,NA,NA,NA,NA,NA,NA,NA,NA,NA,NA,NA,NA,NA,NA,NA,NA,NA,NA,NA,NA
"43","I2747","V",100,FALSE,"gompertz.exp",FALSE,FALSE,100,NA,NA,NA,NA,NA,NA,NA,NA,NA,NA,NA,NA,NA,NA,NA,NA,NA,NA,NA,2.60469887717843e-07,121450.053770808,0.0091141249819877,2089.27151579159,NA,NA,NA,NA,NA,NA,NA,NA,NA,NA,NA,NA,NA,NA,NA,NA,NA,NA,NA,NA,NA,NA,NA,NA
"44","I2747","V",150,FALSE,"gompertz.exp",FALSE,FALSE,100,NA,NA,NA,NA,NA,NA,NA,NA,NA,NA,NA,NA,NA,NA,NA,NA,NA,NA,NA,7.70932947669089e-07,-8599.21067587441,0.00986504489849433,1945.94988531154,NA,NA,NA,NA,NA,NA,NA,NA,NA,NA,NA,NA,NA,NA,NA,NA,NA,NA,NA,NA,NA,NA,NA,NA
"45","I2747","V",200,FALSE,"gompertz.exp",FALSE,FALSE,100,NA,NA,NA,NA,NA,NA,NA,NA,NA,NA,NA,NA,NA,NA,NA,NA,NA,NA,NA,-4.91940244408215e-08,11518.7773915647,0.000316651166731265,0.94850338491647,NA,NA,NA,NA,NA,NA,NA,NA,NA,NA,NA,NA,NA,NA,NA,NA,NA,NA,NA,NA,NA,NA,NA,NA
"46","I2759","V",0,TRUE,"gompertz",FALSE,FALSE,100,8.08274415414929e-06,-19041.7443878458,0.737179953530367,164566.692298892,2.29292080222823e-07,1491.83430582658,0.00323369901640755,7.70555868218275e-06,8.45992962611583e-06,-21495.8118209306,-16587.6769547611,0.731860518648377,0.742499388412358,7.63333167691256e-06,8.53215663138602e-06,-21965.7396272659,-16117.7491484258,0.730841903458208,0.743518003602526,3.56687115434508e-05,5419.4853145376,0.774100113467892,164412.881831415,4.77395666960297e-05,3213.72594574273,0.773880432920477,163975.47857493,3.2491065492467e-05,3383.09776441864,0.000453284462216875,943.099799180203,-5.7082360390785e-06,0.000101187369431138,-2351.46987672594,8778.9217682114,0.773134779980131,0.774626085860824,162424.079405278,165526.877744581,-1.59429216692056e-05,0.000111422055061265,-3417.14567251781,9844.59756400327,0.772991995374532,0.774768870466423,162127.002968536,165823.954181323
"47","I2759","V",10,TRUE,"gompertz",FALSE,FALSE,100,2.07782145118362e-05,20451.0565219726,0.567200528353483,127030.947541399,1.50805544061058e-06,1083.10375092124,0.00371321085000456,1.82974633120318e-05,2.32589657116406e-05,18669.3508517072,22232.7621922381,0.561092296505226,0.57330876020174,1.78224258482395e-05,2.3734003175433e-05,18328.173170167,22573.9398737783,0.559922635087474,0.574478421619492,2.19543085396365e-05,21189.856481873,0.653128112813872,127283.233146486,2.56260935492684e-05,61159.3526525572,0.658213402841373,126926.723797727,4.0905216780088e-06,43265.1080193149,0.00559126640218755,530.400782930763,1.88971853889439e-05,3.23550017095929e-05,-10011.7500392158,132330.45534433,0.649015769609774,0.667411036072971,126054.214509806,127799.233085648,1.76086710603711e-05,3.36435160381656e-05,-23640.2590652999,145958.964370414,0.647254520693085,0.669172284989661,125887.138263183,127966.309332272
"48","I2759","V",50,TRUE,"gompertz",FALSE,FALSE,100,1.28434319049284e-05,62275.8611151124,0.518274988975507,90470.7132141766,8.82354349435575e-07,1495.64746324242,0.00469831422694821,1.13919590001069e-05,1.42949048097499e-05,59815.5210380786,64736.2011921462,0.510546262072177,0.526003715878837,1.11140173800347e-05,1.45728464298221e-05,59344.3920871572,65207.3301430675,0.509066293090689,0.527483684860326,1.58185584394643e-05,65204.4934856191,0.666740362067134,91187.4690209947,1.753326706482e-05,63317.6187750994,0.664735992831242,90760.5293265124,1.66942620346817e-06,25141.6267371453,0.00314623906579387,757.312665833779,1.47870609601148e-05,2.02794731695251e-05,21959.6427924954,104675.594757703,0.659560429568011,0.669911556094473,89514.7499912158,92006.308661809,1.42611917060224e-05,2.08053424236176e-05,14040.0303702946,112595.207179904,0.658569364262286,0.670902621400198,89276.1965014782,92244.8621515466
"49","I2759","V",100,TRUE,"gompertz",FALSE,FALSE,100,8.69887276580652e-06,112771.73255258,0.572079147582675,62624.8188676441,1.51592429128933e-07,574.914882935929,0.00275033324398171,8.44950321988942e-06,8.94824231172361e-06,111825.997570151,113717.46753501,0.567554849396325,0.576603445769025,8.40175160471381e-06,8.99599392689922e-06,111644.899382026,113898.565723135,0.566688494424471,0.577469800740879,1.43640747328823e-05,119834.497821238,0.611121817414666,63591.4582629468,1.60261727246544e-05,142218.236797962,0.613720806602947,63171.3959541046,3.5616667595753e-06,52705.3913979983,0.00348614937672548,564.961706839862,1.0167230905153e-05,2.18851145441558e-05,55517.8679482543,228918.605647669,0.607986090878234,0.619455522327661,62242.033946353,64100.7579618562,9.04530587588679e-06,2.3007039573422e-05,38915.6696578849,245520.803938038,0.606887953824565,0.620553659381329,62064.0710086985,64278.7208995107
"50","I2759","V",150,TRUE,"gompertz",FALSE,FALSE,100,7.06942512047252e-06,103717.241586974,0.51549419496857,58991.6581050635,8.91369935544477e-08,457.246430528781,0.00190086780178657,6.92279476607546e-06,7.21605547486959e-06,102965.071208755,104469.411965194,0.512367267434631,0.518621122502509,6.89471661310581e-06,7.24413362783924e-06,102821.038583138,104613.444590811,0.511768494077068,0.519219895860072,9.42493623794042e-06,110665.645168437,0.533655523351399,60113.5535061795,1.12704975276338e-05,121117.899913904,0.532863573824488,59787.2453660427,1.56185872124346e-06,28978.2675552669,0.00170535775776595,494.151253292663,8.70123993118828e-06,1.38397551240793e-05,73448.6497854904,168787.150042318,0.530058260312963,0.535668887336013,58974.3665543763,60600.1241777091,8.20925443399659e-06,1.4331740621271e-05,64320.4955055813,177915.304322227,0.529521072619267,0.536206075029709,58818.7089095891,60755.7818224963
"51","I2759","V",200,FALSE,"gompertz.exp",FALSE,FALSE,100,NA,NA,NA,NA,NA,NA,NA,NA,NA,NA,NA,NA,NA,NA,NA,NA,NA,NA,NA,4.93033313116149e-07,-8038.60963833992,0.00546950117644817,116.995318084482,NA,NA,NA,NA,NA,NA,NA,NA,NA,NA,NA,NA,NA,NA,NA,NA,NA,NA,NA,NA,NA,NA,NA,NA
"52","NEG","III",0,TRUE,"gompertz.exp",FALSE,FALSE,100,NA,NA,NA,NA,NA,NA,NA,NA,NA,NA,NA,NA,NA,NA,NA,NA,NA,NA,NA,0,NA,0,0,NA,NA,NA,NA,NA,NA,NA,NA,NA,NA,NA,NA,NA,NA,NA,NA,NA,NA,NA,NA,NA,NA,NA,NA
"53","NEG","III",1,TRUE,"gompertz.exp",FALSE,FALSE,100,NA,NA,NA,NA,NA,NA,NA,NA,NA,NA,NA,NA,NA,NA,NA,NA,NA,NA,NA,0,NA,0,0,NA,NA,NA,NA,NA,NA,NA,NA,NA,NA,NA,NA,NA,NA,NA,NA,NA,NA,NA,NA,NA,NA,NA,NA
"54","NEG","III",3,TRUE,"gompertz.exp",FALSE,FALSE,100,NA,NA,NA,NA,NA,NA,NA,NA,NA,NA,NA,NA,NA,NA,NA,NA,NA,NA,NA,0,NA,0,0,NA,NA,NA,NA,NA,NA,NA,NA,NA,NA,NA,NA,NA,NA,NA,NA,NA,NA,NA,NA,NA,NA,NA,NA
"55","NEG","III",5,TRUE,"gompertz.exp",FALSE,FALSE,100,NA,NA,NA,NA,NA,NA,NA,NA,NA,NA,NA,NA,NA,NA,NA,NA,NA,NA,NA,0,NA,0,0,NA,NA,NA,NA,NA,NA,NA,NA,NA,NA,NA,NA,NA,NA,NA,NA,NA,NA,NA,NA,NA,NA,NA,NA
"56","I2747","III",5,FALSE,"gompertz.exp",FALSE,FALSE,100,NA,NA,NA,NA,NA,NA,NA,NA,NA,NA,NA,NA,NA,NA,NA,NA,NA,NA,NA,7.66142487727952e-07,2967.0700652175,0.00572949507041513,60.4254911648563,NA,NA,NA,NA,NA,NA,NA,NA,NA,NA,NA,NA,NA,NA,NA,NA,NA,NA,NA,NA,NA,NA,NA,NA
"57","I2759","V",0,TRUE,"gompertz",FALSE,FALSE,100,1.08676373638748e-05,-9972.81909653324,0.749457883549355,171362.63309699,2.8350312381453e-07,1018.18913442897,0.00262182180408173,1.04012747251999e-05,1.13340000025497e-05,-11647.7402226689,-8297.89797039758,0.745144986681641,0.753770780417069,1.03119712411983e-05,1.14233034865513e-05,-11968.469800014,-7977.16839305246,0.744319112813355,0.754596654285355,3.74257657836301e-05,5835.46884395157,0.79426767260609,171155.141395093,5.16003346970934e-05,3561.94027176509,0.793880635691307,170791.673345344,3.01664779281307e-05,3502.09582817325,0.00149989365771629,579.380092820104,1.97647850531845e-06,0.000101224190888868,-2199.00736557991,9322.88790911008,0.791413310624364,0.796347960758251,169838.593092655,171744.753598033,-7.5259620420427e-06,0.000110726631436229,-3302.16755145448,10426.0480949847,0.790940844122183,0.796820427260431,169656.088363417,171927.258327271
"58","I2759","V",10,TRUE,"gompertz",FALSE,FALSE,100,1.50556302802722e-05,16880.5419022319,0.631367027107193,138293.299829976,7.36913942336485e-07,1113.15390895225,0.0036281223138464,1.38434068451287e-05,1.62678537154157e-05,15049.4037220054,18711.6800824583,0.625398765900916,0.637335288313471,1.36112789532927e-05,1.64999816072517e-05,14698.7602406854,19062.3235637783,0.624255907372054,0.638478146842332,2.38785097141916e-05,83238.1854672686,0.713022092008711,138187.511920922,2.51221295081538e-05,48923.3697661854,0.712641827319261,137908.632091048,2.01923649837574e-06,41169.1616587314,0.00106009379405916,458.998681554089,2.18004854683257e-05,2.84437735479819e-05,-18799.9011624277,116646.640694798,0.710897973028034,0.714385681610489,137153.579259891,138663.684922204,2.11644259713374e-05,2.90798330449703e-05,-31768.1870849281,129614.926617299,0.710564043482905,0.714719611155617,137008.994675202,138808.269506894
"59","I2759","V",50,TRUE,"gompertz",FALSE,FALSE,100,7.48222244560472e-06,56824.4518490053,0.578049894312502,91713.7204249744,2.83303686762516e-07,1505.82664051904,0.00498437860082123,7.01618788088038e-06,7.94825701032906e-06,54347.3670253515,59301.5366726591,0.569850591514151,0.586249197110853,6.92694721955019e-06,8.03749767165925e-06,53873.031633588,59775.8720644226,0.568280512254893,0.587819276370112,1.51978340598083e-05,69731.7002741239,0.669925829989516,91976.9339919142,1.58984205592653e-05,62256.6209669797,0.668735955629175,91644.3448393308,4.93000122605655e-07,14077.8517987371,0.00325050267795117,645.31335116148,1.5087435357579e-05,1.67094057609516e-05,39098.5547580572,85414.6871759022,0.663388878723945,0.674083032534404,90582.8043766702,92705.8853019914,1.49321403189583e-05,1.68647007995724e-05,34664.031441455,89849.2104925044,0.66236497038039,0.675106940877959,90379.5306710543,92909.1590076073
"60","I2759","V",100,TRUE,"gompertz",FALSE,FALSE,100,8.94180356202617e-06,103588.130235176,0.627432259182328,72852.0674462976,1.2599919078935e-07,495.539059327976,0.00245373526081865,8.73453489317768e-06,9.14907223087465e-06,102772.968482582,104403.291987771,0.623395864678281,0.631468653686375,8.69484514807904e-06,9.18876197597329e-06,102616.873678894,104559.386791459,0.622622938071123,0.632241580293532,1.24061662635696e-05,108476.28298705,0.661038062056673,73606.9990282671,1.31501216638413e-05,105398.815545553,0.659598019400408,73184.643565636,5.60596514740321e-07,19796.4061525483,0.00177202318488685,685.236172406797,1.22279403970934e-05,1.40723029305891e-05,72833.7274246111,137963.903666495,0.656683041261269,0.662512997539547,72057.4300620268,74311.8570692452,1.20513524949502e-05,1.42488908327323e-05,66597.8594865584,144199.771604548,0.65612485395803,0.663071184842786,71841.5806677187,74527.7064635533
"61","I2759","V",150,TRUE,"richards",FALSE,FALSE,100,6.79122339847006e-06,102091.094141496,0.548330916125142,61854.7168472821,7.57538557848074e-08,481.210549822316,0.00249901390864095,6.66660830570405e-06,6.91583849123607e-06,101299.502787038,102882.685495954,0.544220038245428,0.552441794004857,6.64274584113184e-06,6.93970095580828e-06,101147.921463844,103034.266819148,0.543432848864206,0.553228983386079,1.03075680837863e-05,111403.406847788,0.566069605690733,62916.7904919208,1.22656263129499e-05,130825.664708174,0.564644710229043,62522.8030844635,2.03449932330904e-06,41895.2599302153,0.00219090497584534,532.367592194779,8.91887492610649e-06,1.56123776997932e-05,61907.9621229699,199743.367293378,0.561040671543777,0.568248748914309,61647.0583953031,63398.5477736239,8.27800763926415e-06,1.62532449866356e-05,48710.955244952,212940.374171396,0.560350536476386,0.5689388839817,61479.3626037617,63566.2435651653
"62","I2759","V",200,FALSE,"gompertz.exp",FALSE,FALSE,100,NA,NA,NA,NA,NA,NA,NA,NA,NA,NA,NA,NA,NA,NA,NA,NA,NA,NA,NA,1.47500683399308e-07,-35432.5646911276,0.00546414724851791,198.582341290538,NA,NA,NA,NA,NA,NA,NA,NA,NA,NA,NA,NA,NA,NA,NA,NA,NA,NA,NA,NA,NA,NA,NA,NA
"63","I2747","III",0,TRUE,"logistic",FALSE,FALSE,100,2.36102030391992e-05,68034.8131209545,0.349848597072795,64654.6266811167,4.1931056924982e-06,1508.83569182724,0.00421411193933992,1.67125441750397e-05,3.05078619033587e-05,65552.7784078986,70516.8478340103,0.34291638293258,0.356780811213009,1.53917158819027e-05,3.18286901964957e-05,65077.4951649731,70992.1310769359,0.341588937671688,0.358108256473901,2.15721110887782e-05,67592.1412007807,0.47523637925867,65446.4406161403,2.48026688955601e-05,72724.4328975819,0.475976295682931,65323.5275512121,3.88495876745782e-06,11350.7081233838,0.00167306035385916,283.433275373668,1.8411911723092e-05,3.11934260680283e-05,54052.5180346156,91396.3477605482,0.473224111400833,0.47872847996503,64857.2798132225,65789.7752892018,1.71881497113428e-05,3.24171880797775e-05,50477.0449757497,94971.8208194141,0.472697097389368,0.479255493976495,64767.9983314798,65879.0567709445
"64","I2747","III",0,TRUE,"richards",FALSE,FALSE,100,3.08180519866538e-05,70810.0781086864,0.458986118176505,83977.2145784781,1.27816971305605e-06,424.940261135023,0.00110855555990715,2.87154628086766e-05,3.2920641164631e-05,70111.0513791193,71509.1048382536,0.457162544280457,0.460809692072552,2.83128393490639e-05,3.33232646242437e-05,69977.1951968618,71642.9610205111,0.456813349279087,0.461158887073923,3.0013296439975e-05,70521.8150307559,0.481563839431095,84441.7390552665,3.18345157998761e-05,70499.8541714479,0.483291412976532,84114.5368903651,1.96513172131927e-06,6749.12272937521,0.00125752417053184,628.608063223033,2.86018741183059e-05,3.50671574814463e-05,59397.5472816257,81602.1610612701,0.481222785716008,0.485360040237057,83080.4766263632,85148.597154367,2.79828576260904e-05,3.56861739736619e-05,57271.5736218725,83728.1347210233,0.48082666560229,0.485756160350775,82882.4650864479,85346.6086942822
"65","I2747","III",0,TRUE,"logistic",FALSE,FALSE,100,2.74430166612394e-05,68734.4548437844,0.435908879187457,80021.7816755143,7.41253128936831e-07,245.933246303972,0.000831903702881171,2.62236552641383e-05,2.86623780583405e-05,68329.8946536144,69139.0150339545,0.434540397596217,0.437277360778697,2.59901605285232e-05,2.88958727939556e-05,68252.4256810287,69216.4840065402,0.43427834792981,0.437539410445104,2.6481466898068e-05,68795.6979773721,0.457041854148231,80819.4134440344,2.84898097483315e-05,70220.2315741345,0.456923039541679,80501.7467897748,1.92347104477518e-06,7044.99861367992,0.000665785468900453,478.146293364507,2.53256998796763e-05,3.16539196169867e-05,58631.208854631,81809.2542936379,0.455827822445338,0.45801825663802,79715.1961371902,81288.2974423594,2.47198065005722e-05,3.22598129960909e-05,56412.0342913218,84028.4288569471,0.455618100022634,0.458227979060724,79564.5800547803,81438.9135247692
"66","I2747","III",1,TRUE,"richards",FALSE,FALSE,100,2.33716678124533e-05,112259.938382953,0.428311063753966,60300.5450894318,8.68724152007048e-07,487.846045910141,0.00106687682720298,2.19426165824017e-05,2.48007190425049e-05,111457.43163743,113062.445128475,0.426556051373217,0.430066076134715,2.16689684745195e-05,2.50743671503871e-05,111303.760132969,113216.116632937,0.426219985172648,0.430402142335284,2.79597243716078e-05,113930.226837764,0.449502930731686,61370.5070954849,2.8019715592814e-05,114985.371795127,0.450811106866732,61090.8204462909,2.52140337175565e-06,7391.70997638684,0.00155772365236655,396.390782897027,2.38720070462759e-05,3.2167424139352e-05,102826.008883971,127144.734706284,0.448248651458589,0.453373562274875,60438.7576084253,61742.8832841565,2.30777649841729e-05,3.2961666201455e-05,100497.620241409,129473.123348846,0.447757968508093,0.45386424522537,60313.8945118127,61867.7463807691
"67","I2747","III",1,TRUE,"logistic",FALSE,FALSE,100,2.14228509402126e-05,104989.552544685,0.387712950164271,56688.4340563915,2.43229697756356e-06,1176.08854843293,0.00378109722468489,1.74217224121206e-05,2.54239794683047e-05,103054.886882513,106924.218206857,0.381493045229665,0.393932855098878,1.6655548864188e-05,2.61901530162372e-05,102684.418989757,107294.686099614,0.380301999603889,0.395123900724654,2.64684702271321e-05,109556.961637718,0.469647328561663,58504.4640861448,3.37740609497759e-05,117164.892008758,0.47094066835603,58372.7647932877,8.76719491131823e-06,6091.17193896502,0.00216223943913391,298.288002787607,1.93520253206574e-05,4.81960965788944e-05,107144.91416916,127184.869848355,0.467383784478655,0.474497552233406,57882.0810287021,58863.4485578733,1.65903589235922e-05,5.09577629759597e-05,105226.195008386,129103.589009129,0.466702679055328,0.475178657656733,57788.120307824,58957.4092787514
"68","I2747","III",1,TRUE,"richards",FALSE,FALSE,100,2.2395469921344e-05,104331.918038665,0.396963825956655,59355.5320402309,9.34508499801233e-07,545.629397045855,0.000955352981212236,2.08582034391709e-05,2.3932736403517e-05,103434.357680525,105229.478396806,0.395392270302561,0.398535381610749,2.05638332617335e-05,2.42271065809544e-05,103262.484420455,105401.351656875,0.395091334113479,0.398836317799831,2.72150921906577e-05,106212.106966294,0.419030177392047,59920.8737584181,2.77263738935376e-05,110363.975893391,0.41983798231333,59687.5344555979,2.00654407944642e-06,17800.9968714562,0.00119655908195643,391.771107523351,2.44256088828482e-05,3.10271389042269e-05,81081.3360398457,139646.615746937,0.417869642623512,0.421806322003148,59043.070983722,60331.9979274738,2.37935474978226e-05,3.16592002892526e-05,75474.0220253369,145253.929761445,0.417492726512695,0.422183238113965,58919.6630848521,60455.4058263437
"69","I2723","III",0,TRUE,"logistic",FALSE,FALSE,100,7.3603539239072e-05,5612.66548220669,0.524442319695338,131669.36080734,2.48088814729389e-05,1379.48349445559,0.00697374521189936,3.27929292160875e-05,0.000114414149262056,3343.41513382724,7881.91583058614,0.512970508821763,0.535914130568912,2.49781315521118e-05,0.000122228946926032,2908.87783307373,8316.45313133966,0.510773779080015,0.53811086031066,5.99724837903293e-05,5157.63230247917,0.822496610273547,131879.24160369,0.000113614124750814,3136.4916446114,0.822333910046319,131582.346489203,5.77283402009524e-05,2625.94598637502,0.000839253823124887,484.502090368851,1.86510051202469e-05,0.00020857724438138,-1183.18950297551,7456.17279219831,0.820953337507279,0.82371448258536,130785.340550546,132379.35242786,4.66577956946941e-07,0.00022676167154468,-2010.36248868364,8283.34577790645,0.820688972552994,0.823978847539644,130632.72239208,132531.970586326
"70","I2723","III",0,TRUE,"logistic",FALSE,FALSE,100,7.17472281623415e-05,5591.90829172217,0.529553682846543,132895.056821963,1.9685724626591e-05,1163.16172654984,0.00583672617547331,3.93642111515993e-05,0.000104130245173084,3678.50725154769,7505.30933189665,0.519952268287889,0.539155097405197,3.31632078942231e-05,0.00011033124843046,3312.11130768449,7871.70527575985,0.518113699542615,0.540993666150471,5.70736918305846e-05,4988.93081600027,0.79776822981126,133115.743051774,9.21968778282123e-05,2679.28530239447,0.797104500822095,132844.658986649,6.80520326868263e-05,1438.52169074094,0.00179111075649813,548.730587189042,-1.97487159416169e-05,0.000204142471598042,312.917121125627,5045.65348366331,0.794158123627655,0.800050878016534,131941.997170723,133747.320802575,-4.11851062379672e-05,0.000225578861894392,-140.217211457768,5498.7878162467,0.793593923739359,0.800615077904831,131769.147035759,133920.17093754
"71","I2723","III",0,TRUE,"logistic",FALSE,FALSE,100,7.15902669192062e-05,5914.61203828978,0.512407192624663,128485.53071433,2.30234544406697e-05,1322.17926975308,0.00652149879350386,3.37166843643045e-05,0.000109463849474108,3739.62713954597,8089.59693703359,0.501679327109349,0.523135058139977,2.64642962154936e-05,0.000116716237622919,3323.14066957375,8506.08340700581,0.499625054989395,0.52518933025993,5.80162430760748e-05,5474.87836122284,0.79458274422515,128723.988028877,0.000112735855078071,3676.52052140768,0.794641995680418,128453.666284256,7.63869742819693e-05,2039.3531963309,0.00132345631923026,433.86569727062,-1.29207176157684e-05,0.000238392427771911,321.784513443354,7031.256529372,0.792464910035285,0.796819081325552,127739.957212246,129167.375356266,-3.69826145145887e-05,0.000262454324670731,-320.611743400878,7673.65278621623,0.792048021294727,0.79723597006611,127603.289517606,129304.043050906
"72","I2723","III",1,TRUE,"logistic",FALSE,FALSE,100,3.95574153226229e-05,23216.2717599404,0.434427603551575,100588.838852913,1.17808471902213e-05,1877.55037389846,0.00665614395861648,2.01779216947088e-05,5.8936908950537e-05,20127.7013948775,26304.8421250034,0.423478246739651,0.445376960363499,1.64669548297891e-05,6.26478758154567e-05,19536.2730270994,26896.2704927814,0.421381561392686,0.447473645710463,4.15600149599156e-05,25040.1486573886,0.702936523072233,101569.640860878,4.19722747194079e-05,24186.9003485153,0.702469887061803,101307.306833249,2.77682176752161e-06,4267.64822893257,0.00203773774343112,350.109767351383,3.74044029118348e-05,4.65401465269809e-05,17166.6190119212,31207.1816851094,0.699117808473859,0.705821965649747,100731.376265956,101883.237400542,3.65297040550655e-05,4.74148453837502e-05,15822.3098198075,32551.4908772231,0.698475921084678,0.706463853038928,100621.09168924,101993.521977258
"73","I2723","III",1,TRUE,"logistic",FALSE,FALSE,100,3.49507480963873e-05,20964.0363784362,0.468158595736741,108888.396267143,6.23566659676016e-06,1371.37565047122,0.0047556445458917,2.46930765447169e-05,4.52084196480578e-05,18708.123433411,23219.9493234613,0.460335560458749,0.475981631014733,2.27288415667374e-05,4.71726546260373e-05,18276.1401035126,23651.9326533597,0.458837532426793,0.477479659046688,4.48909399853799e-05,25191.7947395873,0.676129170421793,109791.381180277,4.33160479164866e-05,24032.8863605477,0.675380523164902,109467.364089659,4.71345055922406e-06,4311.56673622563,0.00169093193596726,454.592021303282,3.5562421746563e-05,5.10696740864102e-05,16940.3590794565,31125.4136416389,0.672598940130236,0.678162106199568,108719.560214615,110215.167964703,3.40776848204075e-05,5.25544110125658e-05,15582.2155575455,32483.5571635499,0.672066296570406,0.678694749759398,108576.363727905,110358.364451413
"74","I2723","III",1,TRUE,"logistic",FALSE,FALSE,100,3.69644594853819e-05,20245.2720744149,0.441321094427659,103284.904692009,8.92120992956028e-06,1653.89397438189,0.00569155527870727,2.22890691512552e-05,5.16398498195085e-05,17524.6164865567,22965.9276622732,0.431958485994185,0.450683702861132,1.94788880234437e-05,5.445003094732e-05,17003.6398846264,23486.9042642034,0.430165646081393,0.452476542773925,4.42395052412574e-05,23780.9657012472,0.685133122788502,104088.043847945,4.23600541552057e-05,24207.9672200638,0.684385628332028,103846.78125647,3.35992943494089e-06,4419.26544973792,0.00157471429492929,411.159234048885,3.68329702347279e-05,4.78871380756834e-05,16938.2755552449,31477.6588848827,0.68179522331687,0.686976033347187,103170.42431646,104523.13819648,3.57745924627215e-05,4.89455158476898e-05,15546.2069385775,32869.7275015501,0.681299188313967,0.68747206835009,103040.909157734,104652.653355206
"75","I2723","III",3,FALSE,"logistic",FALSE,FALSE,100,3.65355250401378e-06,7810.19038766642,0.162898391021205,37372.6638463849,8.25168918711738e-07,5762.39710668852,0.00390076725634217,2.29614963273297e-06,5.01095537529458e-06,-1668.9528528362,17289.333628169,0.156481628884522,0.169315153157887,2.03622142333877e-06,5.27088358468878e-06,-3484.10794144308,19104.4887167759,0.155252887198774,0.170543894843635,1.43403830637932e-05,135964.951350015,0.327578462194563,37447.7035463336,NA,NA,NA,NA,NA,NA,NA,NA,NA,NA,NA,NA,NA,NA,NA,NA,NA,NA,NA,NA,NA,NA,NA,NA
"76","I2723","III",3,TRUE,"logistic",FALSE,FALSE,100,1.17873387337105e-05,155475.994740665,0.457069985098998,39028.4063327341,1.81973562746566e-06,3359.25941522282,0.0138513854082302,8.79387362652953e-06,1.47808038408916e-05,149950.013002624,161001.976478707,0.43428445610246,0.479855514095537,8.22065690387785e-06,1.53540205635433e-05,148891.846286829,162060.143194502,0.429921269698867,0.48421870049913,1.76473144039336e-05,165059.683800224,0.478751219494412,56660.7636370734,1.83464659137699e-05,169068.013918817,0.478968917358476,56393.3332938832,4.7373745779642e-06,8460.14011536429,0.00123306984151683,423.552707054444,1.05534847330188e-05,2.6139447094521e-05,155151.083429043,182984.944408591,0.476940517469181,0.480997317247771,55696.5890907786,57090.0774969877,9.06121174096011e-06,2.76317200865798e-05,152486.139292703,185649.888544931,0.476552100469103,0.481385734247849,55563.1699880565,57223.4965997099
"77","I2723","III",3,TRUE,"gompertz.exp",FALSE,FALSE,100,NA,NA,NA,NA,NA,NA,NA,NA,NA,NA,NA,NA,NA,NA,NA,NA,NA,NA,NA,2.8277532044971e-05,219988.080151698,0.601469018192489,43030.2605983593,3.07497660714676e-05,227379.488834969,0.601901402035731,42576.3316174578,2.73155790087209e-06,4177.98958627002,0.00102279114534773,612.055159985577,2.6256353324533e-05,3.52431788184022e-05,220506.695965555,234252.281704383,0.600218910601634,0.603583893469828,41569.5008792815,43583.1623556341,2.53959125857583e-05,3.61036195571769e-05,219190.62924588,235568.348424058,0.599896731390849,0.603906072680612,41376.7035038861,43775.9597310295
"78","I2723","III",5,FALSE,"gompertz.exp",FALSE,FALSE,100,NA,NA,NA,NA,NA,NA,NA,NA,NA,NA,NA,NA,NA,NA,NA,NA,NA,NA,NA,2.26977232185358e-06,-6381.57775389339,0.0437046570257634,1876.39597311506,NA,NA,NA,NA,NA,NA,NA,NA,NA,NA,NA,NA,NA,NA,NA,NA,NA,NA,NA,NA,NA,NA,NA,NA
"79","I2723","III",5,FALSE,"gompertz.exp",FALSE,FALSE,100,NA,NA,NA,NA,NA,NA,NA,NA,NA,NA,NA,NA,NA,NA,NA,NA,NA,NA,NA,2.48273564794403e-06,15172.4525581532,0.035769085365977,2526.55269942562,NA,NA,NA,NA,NA,NA,NA,NA,NA,NA,NA,NA,NA,NA,NA,NA,NA,NA,NA,NA,NA,NA,NA,NA
"80","I2723","III",5,FALSE,"gompertz.exp",FALSE,FALSE,100,NA,NA,NA,NA,NA,NA,NA,NA,NA,NA,NA,NA,NA,NA,NA,NA,NA,NA,NA,2.01435848731251e-06,-5485.82439577242,0.0330827789795673,1381.98314500884,NA,NA,NA,NA,NA,NA,NA,NA,NA,NA,NA,NA,NA,NA,NA,NA,NA,NA,NA,NA,NA,NA,NA,NA
"81","I2749","III",0,TRUE,"gompertz",FALSE,FALSE,100,1.40759462834767e-05,65220.4751259055,0.906899256701784,142985.735390576,1.55339765133862e-07,372.151171759366,0.00197118581251225,1.38204123698315e-05,1.43314801971219e-05,64608.2864483613,65832.6638034496,0.903656656040201,0.910141857363366,1.37714803438143e-05,1.43804122231391e-05,64491.0588292571,65949.8914225538,0.90303573250926,0.910762780894308,2.95659109899941e-05,78170.5683616549,0.936489231983715,143022.004819642,2.84867042493898e-05,68397.3323894849,0.936367196812608,142175.803401689,1.82898138168415e-06,13081.935181278,0.000563319990824109,1237.17185231827,2.54780298765194e-05,3.14953786222602e-05,46877.5490162826,89917.1157626871,0.935440535427702,0.937293858197513,140140.655704626,144210.951098753,2.49019007412889e-05,3.20715077574908e-05,42756.7394341801,94037.9253447897,0.935263089630592,0.937471303994623,139750.946571145,144600.660232233
"82","I2749","III",0,TRUE,"gompertz",FALSE,FALSE,100,9.01868480708322e-06,59089.9761741302,0.468746851777313,80158.146560526,2.3491828222568e-07,722.390004300066,0.0019320455747084,8.63224423282198e-06,9.40512538134447e-06,57901.6446170566,60278.3077312038,0.465568636806918,0.471925066747709,8.55824497392089e-06,9.47912464024555e-06,57674.0917657021,60505.8605825583,0.464960042450885,0.472533661103742,2.01812838377334e-05,75589.9240690747,0.510130378743419,80271.7573219894,1.88738720644668e-05,74796.9574857275,0.509852070205406,79967.4757627126,2.80661389662207e-06,11033.6713079353,0.000457640273500166,434.587236648431,1.42569922045235e-05,2.34907519244101e-05,56646.568184174,92947.346787281,0.509099251955498,0.510604888455314,79252.579758426,80682.3717669993,1.33729088270875e-05,2.43748353018461e-05,53170.9617221744,96422.9532492806,0.508955095269346,0.510749045141466,79115.6847788817,80819.2667465436
"83","I2749","III",0,TRUE,"gompertz",FALSE,FALSE,100,9.37948764427767e-06,59312.2846841491,0.487900747402823,83313.005185457,2.40020351210327e-07,710.190292856644,0.0019787436877376,8.98465416653668e-06,9.77432112201866e-06,58144.0216524,60480.5477158983,0.484645714036495,0.491155780769151,8.90904775590543e-06,9.84992753264991e-06,57920.3117101501,60704.2576581482,0.484022409774857,0.491779085030789,2.24731270552549e-05,76114.5931525528,0.530145581561334,83354.8393182042,2.08172715352708e-05,76010.1406929016,0.529791988370113,83073.8191084875,2.61078576810821e-06,10855.125452282,0.000669141344837344,496.214716681857,1.65225289467328e-05,2.51120141238088e-05,58153.4593238977,93866.8220619056,0.528691250857855,0.53089272588237,82257.5458995458,83890.0923174292,1.57001314297787e-05,2.59344116407629e-05,54734.0948064288,97286.1865793744,0.528480471334231,0.531103505405994,82101.2382637911,84046.3999531839
"84","I2749","III",1,TRUE,"logistic",FALSE,FALSE,100,1.36299971505982e-05,61363.0305656886,0.376271642415507,69642.1417945723,4.76252920718866e-07,551.498286133316,0.00125476954483718,1.28465610960156e-05,1.44134332051807e-05,60455.8158849993,62270.2452463779,0.37420754651425,0.378335738316764,1.26965414259892e-05,1.45634528752071e-05,60282.0939248673,62443.9672065099,0.373812294107626,0.378730990723388,1.51772711228717e-05,63425.3563927298,0.39803616539868,69852.1065592128,1.51411697784681e-05,64654.7880098724,0.397859749550135,69539.8891278603,5.92533394648135e-07,11528.2406118082,0.000297475238487104,419.433334082179,1.41664523442719e-05,1.61158872126643e-05,45690.832203448,83618.7438162969,0.397370402782823,0.398349096317446,68849.9212932951,70229.8569624254,1.39798043249578e-05,1.63025352319785e-05,42059.4364107284,87250.1396090165,0.3972766980827,0.398442801017569,68717.7997930592,70361.9784626613
"85","I2749","III",1,TRUE,"richards",FALSE,FALSE,100,1.52916412877943e-05,62017.4723475647,0.373581273519491,70104.3940174926,7.23551642633319e-07,796.314958564747,0.00132502409309062,1.41013988356625e-05,1.64818837399261e-05,60707.5342407257,63327.4104544037,0.371401608886357,0.375760938152625,1.3873480068233e-05,1.67098025073556e-05,60456.6950287778,63578.2496663516,0.370984226297033,0.376178320741948,1.5232191043737e-05,62095.4899958233,0.395036185180885,70306.9336004163,1.46937294587246e-05,55738.8322523095,0.395228500078873,70021.8601855063,5.88110375530917e-07,12201.9896923468,0.000290559514898877,496.831575748306,1.37262878909762e-05,1.5661171026473e-05,35666.5592083989,75811.10529622,0.394750529676864,0.395706470480882,69204.5722434003,70839.1481276123,1.3541033122684e-05,1.58464257947652e-05,31822.9324553097,79654.7320493093,0.394659003429671,0.395797996728075,69048.0702970396,70995.650073973
"86","I2749","III",1,TRUE,"gompertz",FALSE,FALSE,100,1.213610481322e-05,57783.8993752072,0.375432206742299,69273.9180465959,3.84272190401396e-07,532.753527786018,0.00128848573206411,1.15039770600097e-05,1.27682325664303e-05,56907.5198219992,58660.2789284152,0.373312647713054,0.377551765771544,1.13829313200333e-05,1.28892783064067e-05,56739.7024607466,58828.0962896678,0.372906774707453,0.377957638777145,1.55864150391089e-05,62738.9804870924,0.393084354522242,69553.550798579,1.50600278660233e-05,59530.708392875,0.392849195014588,69285.954133236,9.97053967889857e-07,11364.2175679709,0.000332243517647525,417.358303760883,1.34198740888445e-05,1.67001816432021e-05,40836.5704935628,78224.8462921871,0.392302654428058,0.393395735601118,68599.3997235494,69972.5085429227,1.31058020889592e-05,1.70142536430874e-05,37256.841959652,81804.574826098,0.392197997719999,0.393500392309177,68467.9318578647,70103.9764086073
"87","I2749","III",3,TRUE,"logistic",FALSE,FALSE,100,8.24060534002812e-06,71476.1960502082,0.301611849355052,51416.8646893011,2.10895646414472e-07,533.891408953711,0.000912029839959829,7.89368200167631e-06,8.58752867837992e-06,70597.9446824794,72354.4474179371,0.300111560268318,0.303112138441786,7.82724987305575e-06,8.65396080700048e-06,70429.7688886589,72522.6232117575,0.299824270868731,0.303399427841373,1.00319212751345e-05,72353.3971213017,0.317651276343064,51436.4582378974,1.01546727431644e-05,61400.4291637544,0.318978867610568,51269.3619065551,7.23342738677306e-07,12452.1197082914,0.000806215582875975,310.1733067901,8.96477393804025e-06,1.13445715482886e-05,40916.6922436151,81884.1660838937,0.317652642976737,0.320305092244399,50759.1268168854,51779.5969962248,8.7369209753569e-06,1.15724245109719e-05,36994.2745355034,85806.5837920055,0.317398685068131,0.320559050153005,50661.4222252465,51877.3015878637
"88","I2749","III",3,TRUE,"logistic",FALSE,FALSE,100,8.01759135491394e-06,70962.4959219463,0.295207581420076,50444.4640502088,2.2549731785427e-07,590.227477469535,0.000983171372033153,7.64664826704366e-06,8.38853444278421e-06,69991.571721509,71933.4201223837,0.293590264513082,0.296824898327071,7.57561661191957e-06,8.45956609790831e-06,69805.650066106,72119.3417777866,0.293280565530891,0.297134597309261,1.12019052601375e-05,77578.5122194643,0.312520901541571,50476.0647093768,1.05937863331157e-05,73210.1247529872,0.3125376635794,50242.3525134768,6.88979265771264e-07,13446.3159151883,0.000352735977199833,446.955769983462,9.46041544092198e-06,1.17271572253094e-05,51090.9350725023,95329.314433472,0.311957412896906,0.313117914261894,49507.110271854,50977.5947550996,9.24338697220403e-06,1.19441856940274e-05,46855.345559218,99564.9039467563,0.311846301064088,0.313229026094712,49366.3192043092,51118.3858226444
"89","I2749","III",3,TRUE,"logistic",FALSE,FALSE,100,8.51811809392993e-06,71710.1938770958,0.307848542305912,52478.5809643515,2.01989709582959e-07,488.52764708838,0.000855907524852125,8.18584502166596e-06,8.8503911661939e-06,70906.5658976354,72513.8218565562,0.306440574427531,0.309256510184294,8.12221826314733e-06,8.91401792471253e-06,70752.6796888025,72667.708065389,0.306170963557202,0.309526121054623,1.21024373170869e-05,73981.4759792245,0.321415244122536,52452.4164821701,1.09476036104804e-05,62332.4644986748,0.321109360842814,52190.3166615678,1.06926212265014e-06,11911.2281156637,0.000498754466554823,372.802642797713,9.18866741872091e-06,1.27065398022399e-05,42738.494248408,81926.4347489416,0.320288909745331,0.321929811940296,51577.0563141656,52803.5770089701,8.85184985008612e-06,1.30433573708747e-05,38986.4573919739,85678.4716053756,0.320131802088366,0.322086919597261,51459.6234816843,52921.0098414514
"90","I2749","III",5,TRUE,"gompertz",FALSE,FALSE,100,7.16091390204971e-06,132459.378736128,0.60793810994166,48595.0939899617,1.27696491290778e-07,685.469951127175,0.00564600065455914,6.95085317387638e-06,7.37097463022304e-06,131331.780666523,133586.976805732,0.59865043886491,0.61722578101841,6.91062877911978e-06,7.41119902497963e-06,131115.857631918,133802.899840337,0.596871948658724,0.619004271224596,1.92352498918329e-05,147830.961400699,0.581528412142398,48631.1989384255,1.72459767452655e-05,146806.410029426,0.580256409953229,48331.3868096095,3.19943853766352e-06,29207.5816465131,0.00266088871634228,616.47147363273,1.1982900350809e-05,2.2509053139722e-05,98759.9382209117,194852.88183794,0.575879248014846,0.584633571891612,47317.2912354837,49345.4823837353,1.0975077211445e-05,2.3516876279086e-05,89559.5500022601,204053.270056591,0.575041068069198,0.58547175183726,47123.1027212893,49539.6708979296
"91","I2749","III",5,TRUE,"richards",FALSE,FALSE,100,7.34332590297738e-06,122993.607237262,0.242175865539592,29654.099062372,1.42777869427239e-07,435.760089507633,0.000561962521450923,7.10845630776958e-06,7.57819549818519e-06,122276.781890022,123710.432584502,0.241251437191805,0.243100293887379,7.0634812789e-06,7.62317052705477e-06,122139.517461827,123847.697012697,0.241074418997548,0.243277312081636,1.10626739999464e-05,129934.193810048,0.250163115690016,29624.0087290112,1.18186481668327e-05,128292.089711841,0.250476981476299,29483.5863501412,1.1785116946824e-06,8315.81578319773,0.000665169935125688,189.279370391743,9.87999642908014e-06,1.37572999045852e-05,114612.572748481,141971.606675201,0.249382776933017,0.251571186019581,29172.2217858468,29794.9509144357,9.50876524525518e-06,1.41285310884102e-05,111993.090776774,144591.088646909,0.249173248403453,0.251780714549145,29112.5987841734,29854.5739161091
"92","I2749","III",5,TRUE,"richards",FALSE,FALSE,100,7.54998091100441e-06,110421.332704037,0.244733762505736,32944.8965889298,1.44001249858641e-07,410.620235120117,0.000546435654281478,7.31309885498694e-06,7.78686296702187e-06,109745.862417265,111096.80299081,0.243834875854443,0.245632649157029,7.26773846128147e-06,7.83222336072734e-06,109616.517043202,111226.148364873,0.243662748623344,0.245804776388128,1.19296194177545e-05,117277.548724148,0.253817973334225,32928.930938936,1.22288301876889e-05,114427.569975621,0.253735825639152,32728.7955230727,1.52074405306645e-06,8438.6219030799,0.000335105067114703,307.429621721927,9.72720622039461e-06,1.47304541549832e-05,100546.036945054,128309.103006187,0.253184577803748,0.254287073474555,32223.0737953401,33234.5172508053,9.24817184367867e-06,1.52094885316992e-05,97887.8710455843,130967.268905657,0.253079019707607,0.254392631570697,32126.2334644977,33331.3575816477
